FWK_CODE_K	%ivk07_Wein	%ivk07_Ackerfutter	%ivk07_Flaechenstilllegung	%ivk07_Getreide	%ivk07_Gruenland	%ivk07_Hackfruechte	%ivk07_Huelsenfruechte	%ivk07_Klee	%ivk07_Mais	%ivk07_mehrjaehrige_Graeser	%ivk07_mehrjaehrige_Obst_und_Nutzpflanzen	%ivk07_Nutzpflanzen	%ivk07_Obst_und_Gemuese	%ivk07_Oelsaaten	%ivk07_Pflanzenzucht	%ivk07_sonstige_Flaechen	%ivk07_sonstige_Handelsgewaechse	%ivk07_Teichflaechen	%ivk07_unbekannt	%ivk13_Wein	%ivk13_Ackerfutter	%ivk13_Flaechenstilllegung	%ivk13_Getreide	%ivk13_Gruenland	%ivk13_Hackfruechte	%ivk13_Huelsenfruechte	%ivk13_Klee	%ivk13_Mais	%ivk13_mehrjaehrige_Graeser	%ivk13_mehrjaehrige_Obst_und_Nutzpflanzen	%ivk13_Nutzpflanzen	%ivk13_Obst_und_Gemuese	%ivk13_Oelsaaten	%ivk13_Pflanzenzucht	%ivk13_sonstige_Flaechen	%ivk13_sonstige_Handelsgewaechse	%ivk13_Teichflaechen	%ivk13_unbekannt	%FlaecheGemischterNutzung	%Friedhof	%Halde	%IndustrieUndGewerbeflaeche	%SportFreizeitUndErholungsflaeche	%TagebauGrubeSteinbruch	%Wohnbauflaeche	%FlaecheBesondererFunktionalerPraegung	%Bergbaubetrieb	%Wald	%Gehoelz	%Heide	%Landwirtschaft	%Moor	%Sumpf	%UnlandVegetationsloseFlaeche	%Weg	%Straﬂenverkehr	%Schiffsverkehr	%Platz	%Flugverkehr	%Bahnverkehr	% stehende_Gewaesser	%Hafenbecken	% Flieﬂgewaesser
IL241	0	12.90256203	3.45139085	37.22678835	30.69049915	0	0	0.983770444	10.47598087	0	0	0	0.030587911	1.933936541	0	0.233034282	0	0.150373068	1.921076512	0	27.98315029	0.305349901	34.19267	29.4993399	0	0	1.967766095	6.020668551	0	0	0	0.031055262	0	0	0	0	0	0	2.874544172	0.013509416	0	0.476922483	0.658995855	0.203218525	1.58405027	0.003680305	0	8.714161755	2.001396192	0.041455502	72.47313017	0	0.096452752	4.586538246	2.453504452	1.333722033	0	0.028133205	0	0	1.380223426	0	1.076361244
IL242	0	15.66946491	2.863814886	45.75866226	20.14934218	4.768254473	0.239177691	1.837081807	1.935535771	0	0.019211149	0.034603039	0.017334013	5.232167878	0	0.047914156	0	0	1.427435787	0	26.50635635	0.293806037	42.19656288	18.82121096	5.714524113	0.299163444	2.407370186	1.777346118	0	0	0.119972974	0.02817891	0.772433688	0.053737591	0.003642261	0	0	1.005694488	3.74015345	0.070011913	0	1.194481819	0.879118641	0	3.396362786	0.292446507	0	0.363097184	2.130855606	0	75.89325561	0	0	4.360878857	2.578117683	3.060351724	0	0.021908666	0.124958494	0.804382343	0.26732371	0	0.822295004
IL244	0	18.33678521	2.555986557	41.66683993	30.20565038	0.535582098	0.157021312	0.861137	0.959775378	0	0	0	0.036605719	4.110332382	0	0.047178551	0	0	0.527105488	0	31.28234317	0.940964358	34.17828534	27.58543746	0.096333936	0	1.345768571	2.102746789	0.011228887	0	0	0	2.111979747	0	0.006272213	0	0	0.338639536	4.622548381	0.0362383	0	2.155530747	0.802304666	0	1.159069058	0.106472647	0	7.913378497	1.736999826	0	68.54747666	0.009019635	0.006213249	6.077860766	2.4975713	2.788205672	0	0.001461088	0	0.398204125	0.540341319	0	0.601104068
IL258	0	18.74307958	2.226481391	25.54636661	31.73016284	0	0	1.55734711	16.15442207	0	0	0	0	3.539478604	0	0.502661796	0	0	0	0	24.77043936	0.301905097	21.60487754	32.93361915	0	0	3.387552928	12.44520199	0	0	0	0	4.022092574	0	0.489037708	0	0	0.045273659	1.066106001	0	0	0.645630065	0.149057594	0	0.192678	0.010786672	0	34.28563784	2.052636682	1.002175784	50.95942763	0.487538389	0	4.684519873	2.033622927	1.110394851	0	0	0	0	0.831243225	0	0.488544469
IL266	0	15.630441	2.215441218	33.81403009	40.26290299	0.948100671	0	1.125251402	1.468555162	0	0.080593378	0.16772931	0.021941361	2.322224997	0	0	0	0	1.942788419	0	16.23888898	0.356460369	34.68386329	39.05459428	2.228541271	0	1.417065199	2.904811905	0	0	0	0.118921071	1.717582605	0	0	0	0	1.279271035	6.172493573	0.056120905	0	2.135198592	2.687937592	0	3.835219752	0.334462552	0	0.491571771	3.351665474	0.000532456	64.86078519	0	0.005577869	5.447637543	2.216132334	3.272785508	0	0.245026824	0.265435949	0.365580329	0.093620884	0	4.162214907
IL282	0	12.7190764	1.292656133	35.23318248	37.00014051	0	0	0.181260261	0	0	0	1.475684855	0	10.02121637	0	0	0	0	2.076783002	0	8.216592306	0	38.11278427	37.6550687	0	0	0.638279132	2.182368467	0	0	1.430677977	0	6.715717856	0	0	0	0	5.04851129	2.403745205	0.034850648	0	1.546671117	0.29955022	0	0.486448818	0.227429339	0	38.56147403	2.232346152	0	43.20549649	0	0	4.779613449	2.564797436	2.498399446	0	0.019079358	0	0	0.636822464	0	0.503275833
IL288	0	15.44785558	3.902161663	37.80874345	33.99498234	0.839736919	0	1.893768708	2.981969629	0	0	0.374826501	0	2.742440617	0	0	0	0	0.013514594	0	21.87477069	0.03833948	38.2392728	31.89960972	0.014938624	0	1.862002696	4.286855608	0.187808817	0	0	0	1.596401561	0	0	0	0	0	2.135895424	0.044792318	0	0.203437395	0.229086218	0.213779187	1.970240328	0.072909737	0	28.87858141	4.452452363	0.44134409	50.54568064	0.038801168	0.005620537	4.395200746	2.492476224	1.999425297	0	0	0	1.039838358	0.282972524	0	0.557466037
IL239	0	25.57918738	1.882809513	28.44013564	38.24841527	0.320256969	0	0	0	0	0	0	0.000477393	5.415777646	0	0	0	0	0.112940188	0	22.74623531	0	40.44801177	35.3804254	0.519394024	0	0	0.905454668	0	0	0	0.000478826	0	0	0	0	0	0	8.856993592	0.069463783	0	2.391846508	0.021873528	0	2.655893777	0.138665713	0	1.749466451	0.827305881	0	68.36071126	0	0	8.731000016	1.766760495	3.280532894	0	0	0	0	0.115393725	0	1.034092378
IL238	0	23.50747429	3.968409222	31.27668237	34.04493298	1.657910636	0	0.573386164	0	0	0	0	0	4.971204339	0	0	0	0	0	0	38.56311812	0	26.01460152	27.99520139	2.550273241	0	1.256364792	1.08341676	0	0	0	0	2.537024179	0	0	0	0	0	0.417370229	0	0	0	0	0	0	0	0	3.405579497	0.458072871	0	88.3158033	0	0	4.141846949	2.35024933	0.395321888	0	0	0	0	0	0	0.515755933
IL248	0	8.741871842	3.319256294	43.5188278	27.10266698	0	0	1.439531236	1.074506215	0	0	0	0	6.897692666	0	0	0	7.729096307	0.176550659	0	14.94583379	0.7280307	42.8915881	25.36301492	0	0	0.253826834	4.691907436	0	0	0	0	1.735626656	0	1.354935606	0	7.742444571	0.292791396	4.085413906	0.032914295	0	1.103292279	0.146366543	0	1.990466016	0.065346994	0	19.26471563	1.190351386	0	54.25163977	0	0.062532376	5.224349106	2.220950764	4.065702821	0	0.026089601	0	0	6.037134476	0	0.232734035
IL275	0	16.14269262	1.997465556	47.20953915	24.82200642	0	1.436969816	0	1.192246662	0	0	0	0	2.740731903	0	0	0	0	4.458347875	0	20.48672774	0	49.87486538	21.35710306	0	0	1.867931631	1.491238734	0	0	0	0	1.141138949	0	0	0	0	3.780994512	1.940039005	0	0	0.052509589	0.053975186	0	0.347551378	0.002169488	0	5.639856577	1.975716439	0	83.07561872	0	0	2.670112886	3.04966388	0.745216758	0	0	0	0	0.201306171	0	0.246263925
IL281	0	15.54596344	3.590480711	37.83336647	29.82099186	0.866577695	0	2.384005964	2.821181059	0	0	0	0	5.836656337	0	0.201491091	0	0	1.099285373	0	20.36302954	0	40.93451531	29.4449711	0	0	3.270957233	2.26811111	0	0	0	0	3.131299223	0	0	0	0	0.58711649	9.09009972	0.087621341	0	3.045822025	1.850446025	0	4.875151884	0.395594736	0	2.942343712	5.367738375	0	60.49285432	0	0	3.970161117	2.119242864	4.547882169	0	0.033675891	0	0.204387655	0.237118653	0	0.739859512
IL284	0	16.81847763	6.363328889	44.98965633	16.49702285	1.887738451	0.807583537	2.178708616	3.401281167	0	0	0	0	7.056202525	0	0	0	0	0	0	19.32175272	0.283663425	49.16315619	14.63052591	0.920706552	0.742942957	5.169667171	4.9412996	0	0	0	0	4.826285477	0	0	0	0	0	2.854320861	0	0	1.070093311	0.37226877	0.306074641	2.04482991	0.045559684	0	2.956432617	1.273862469	0	81.13483534	0	0	2.301477223	2.991278544	1.669154029	0	0	0	0.366958422	0.045830829	0	0.56702335
IL287	0	19.23618717	6.141653123	40.50527636	21.33108	0.676136049	1.851611217	1.056146093	5.424237602	0	0	0	0	3.777672388	0	0	0	0	0	0	21.11148853	0.261819557	41.42246322	19.90792931	2.751459983	0	4.294706584	3.914133269	0	0	0	0	6.335999554	0	0	0	0	0	2.609062252	0	0	0.25778903	0.231451543	0	1.613478385	0.1138706	0	3.555964605	0.73197801	0	82.20958686	0	0	3.19884959	2.849792721	2.20001826	0	0	0	0	0.057622234	0	0.370535905
IL271	0	16.29747004	1.96608458	47.72362179	21.4145641	0	0	0.182647968	3.116477587	0	0.054830375	0	0	4.918041531	0	0.378179565	0	2.605272196	1.34281027	0	22.39609154	0.134909716	45.78293045	22.12464883	0.675156472	0	1.432261478	2.122359852	0.199960139	0.013569083	0	0	1.357729045	0.039289827	0.364585398	0	2.511614062	0.844894109	3.879148174	0.075004977	0	1.620007024	0.491297189	0	1.846362228	0.250499225	0	12.12028053	1.565224394	0.10744859	61.84612996	0	0	5.466524247	2.648419306	2.514173416	0	0.016407325	0	3.204806724	1.661147922	0	0.687118771
IL214	0	6.503040941	3.439864564	19.23464389	63.43563542	0	0	0.028791838	1.74469924	0.027815228	0	0	0	5.411359393	0.174149485	0	0	0	0	0	7.174090949	2.460245728	20.68321438	63.23167175	0.50711546	0	0.097921467	2.620285596	9.30956E-05	0	0	0	2.857607107	0.175370324	0	0	0	0.192384142	3.547435368	0.312773158	0	2.020860051	1.584795279	0	3.892064234	0.506137586	0	7.307480753	2.117237769	0.074534309	52.72988746	0.106003248	0	6.589398153	1.910262412	4.523435998	0	0.376784103	0	1.206325899	0.879171795	0	10.31541243
IL215	0	11.80409215	2.212992219	19.20358129	62.53592702	0.048541619	0.106463368	0.206758951	1.404661699	0	0	0.173836553	0	1.902488095	0	0	0	0	0.400657031	0	14.9726712	0.036964666	15.50646309	63.47037289	0.048633209	0	0.966720101	3.197794676	0	0	0	0.113875991	1.489212612	0	0.174164553	0	0	0.023127007	6.375004818	0.176657981	0	1.26843749	1.347863691	0	2.363188933	0.277857815	0	1.095337044	1.435423252	0.244028079	66.29846154	0	0	7.332493061	2.189472498	3.301437931	0	0.00217529	0	0	0.115043447	0	6.177117127
IL220	0	6.620071052	5.568578496	29.81418616	51.89361204	0	0	1.660108709	1.258764708	0	0	0	0.646245818	1.621309138	0	0.077661633	0	0	0.839462245	0	12.56925007	0	27.73374631	53.67549594	0	0	5.192782366	0.537200911	0	0	0	0	0.173878052	0.040753528	0.076892817	0	0	0	3.308832191	0	0	1.374223901	1.655301788	0.038471374	7.21551173	0.9072536	0	8.646610014	3.032402257	0.62259397	43.87515942	0	0	6.22234709	2.529461006	7.032505771	0	0.281506273	0	4.135462768	0.020500099	0	9.101856747
IL224	0	9.611625565	2.542343258	32.47401078	49.18170121	0	0.871971658	0.751420747	0.442170934	0	0	0	0	2.565857839	0	0.134005664	0	1.361614519	0.063277823	0	14.03004823	0.952283591	30.76932144	46.87089254	0.075353669	0.823017899	1.198788146	0.718522643	0.074644234	0	0	0	1.840062991	0	0.301657348	0	0.727367167	1.618040097	3.789904347	0.053463442	0	1.078061986	1.144338331	0.154488307	1.516136909	0.147299223	0	13.57077496	2.285256633	0.14017104	59.28194153	0.091330181	0.417250235	5.946434158	1.675114545	3.08870403	0	0.071952523	0	0.304340939	4.745268909	0	0.497767768
IL240	0	21.19114222	3.830808428	17.99638352	48.09281376	0.201515511	0	2.534229282	0	0	0	0	0	4.520265143	0	0	0	0	1.632842142	0	21.02328033	1.649942851	24.05206575	48.6758102	0	0	3.226138684	0.965653437	0	0	0	0	0	0	0.056372532	0	0	0.350736219	4.011509736	0.057273179	0	1.923353467	1.291079716	0.047270796	2.470696646	0.224462471	0	10.56208138	4.05002528	0	57.46014873	0	0	3.636594173	2.065476338	4.771202741	0	0.368083257	0	0	6.173705883	0	0.88703621
IL002	0	0	0	0	0	0	0	0	0	0	0	0	0	0	0	0	0	0	0	0	0	0	0	0	0	0	0	0	0	0	0	0	0	0	0	0	0	0	11.54243567	0	0	1.427674046	1.138049869	0	19.00040746	0.627149443	0	0.138402176	0	0	0	0	0	10.69670311	0.356929019	10.75884826	0	13.88703298	0	0.278341554	0	0	30.14802641
AP150	0	0	0	0	100	0	0	0	0	0	0	0	0	0	0	0	0	0	0	0	0	0	0	100	0	0	0	0	0	0	0	0	0	0	0	0	0	0	0	0	0	0	0	0	0	0	0	85.85891926	0	0	6.77947983	0	0	0	0	7.361600908	0	0	0	0	0	0	0
IL213	0	7.138905736	1.328959664	16.1647142	71.80872113	0	0.026527318	0.8479723	0.00408983	0	0.003737756	0	0.027847002	1.438017651	0	0.039075296	0.018264292	0.141425779	1.01174204	0	7.477535024	0.06185381	16.63018562	73.16428665	0	0.129041197	1.051712003	0.288341596	0	0.003689797	0	0.078919411	0.7089475	0.040829027	0.008251408	0.017773339	0.139611129	0.199022493	4.156892067	0.181136904	0	1.895658415	1.177496982	0.062513231	1.834438942	0.225652885	0	1.941006177	2.418949134	0	65.44858869	0.000879287	0.007648491	8.716775818	1.282799168	4.174152827	0	0.204024015	0	0.782091927	0.366789212	0	5.122505828
IL216	0	5.76589368	0.796698296	14.04102909	77.87754819	0.00294986	0	0.09170409	0.355573598	0	0	0	0	0.720597685	0	0	0	0	0.348005508	0	10.27852464	0.080878509	9.259786091	78.45016881	0.269113563	0	0.925863719	0.285912929	0	0	0	0	0	0	0	0	0	0.449751742	4.306418784	0.07197224	0	0.760976687	1.734276998	0	0.786644525	0.247012967	0	1.245118748	1.522247064	0	63.08186573	0.136045855	0.041132229	10.25937455	1.852546027	2.291267934	0	0.202176921	0	0.712885419	0.527117539	0	10.22091978
IL225	0	13.80496103	2.271324911	19.59591198	53.74309151	0	0.064938893	1.49894043	0	0	0.002540024	0	0	1.967594961	0.031337491	0.090484698	0	4.932784334	1.996089737	0	15.03310858	0.838286327	18.79831907	54.7948393	0	0.240447594	1.862570378	0.204021562	0	0.002567221	0	0	1.534375743	0.06504286	0.077873194	0	4.160312359	2.388235809	4.974056436	0.072206046	0	1.364422438	0.453517568	0	3.128161318	0.199945459	0	11.06682046	2.313995866	0.182777197	58.61412289	0.007210516	0.457615285	7.048845007	1.410845655	4.267970885	0	0.159797424	0	0.487130826	2.875806288	0	0.914752434
IL233	0	10.07585445	2.746444633	21.03749088	59.51426134	0.193374516	0.155251456	1.896991666	0.235509592	0	0	0	0	2.038003719	0	0.015308477	0	0.990477301	1.101031965	0	12.03839532	0.127423557	23.01320341	58.94717267	0	0.194851676	1.097389232	0.88073089	0.11617081	0	0	0	2.395772572	0	0.012564542	0	0.987446112	0.188879215	4.108184517	0.022706812	0	1.891125593	0.472871569	0.003741609	2.254558749	0.269296029	0	10.55432197	1.677269977	0.000505554	62.2902093	0	0.243522761	6.72244887	1.386173079	3.603977346	0	0.177223132	0	0.721391017	1.807049991	0	1.793422124
IL243	0	10.66397456	2.285014707	36.00964554	43.79798326	0.731729661	0	0.773392877	0.351299994	0	0.16836241	0	0	4.542579924	0	0.001000855	0	0.54863947	0.126376743	0	16.09626195	0.410315612	34.05528941	41.53036049	0.501947499	0.52489357	1.680946115	1.441603973	0.147124282	0.168321572	0	0	2.610783631	0	0.135810115	0	0.548506216	0.147835571	2.346438997	0.000569214	0	1.407909842	0.669388632	0.051951162	2.105161087	0.406635824	0	10.27831	2.581333255	0.074762157	67.2766781	0.022975397	0	6.125972964	2.217893309	2.448483614	0	0.03338898	0	0.068719561	1.034548157	0	0.848879748
IL245	0	16.81191632	1.154806131	42.19195112	35.26942492	0.3929641	0	1.020074639	0.938525383	0	0	0	0.27526665	1.40750756	0	0	0	0	0.53756319	0	20.47338303	0.100490697	38.21955981	36.68780907	0	0	0.826523481	1.268323799	0	0	0	1.981106014	0.359394045	0	0	0	0	0.083410048	2.135797503	0.015091006	0	2.853427841	0.575607859	0	1.689600298	0.015258043	0	3.889400922	0.777758288	0	73.14420139	0.267460258	2.577959722	5.798144881	2.683656126	2.035465107	0	0	0	0	0.418260609	0	1.122910146
IL286	0	12.3585764	0	42.52723293	39.05302094	0	0	0	3.581964206	0	0	0	0	0.899573289	0	0	0	0	1.579632232	0	13.02866574	0	33.04169895	32.51441938	0	0	0	5.623695187	0	0	0	0	8.408826261	0	0	0	0	7.382694488	0.003618621	0	0	0	0	0	0	0	0	58.31255158	0.188930399	0.642740689	31.39614747	0	0	3.117985089	2.170154722	3.735641026	0	0	0	0	0.083219985	0	0.349010421
IL289	0	11.70859031	7.228851182	20.54255223	53.5555237	1.864646972	0	3.488285069	0	0	0	0	0	1.599382934	0	0.012167598	0	0	0	0	15.16263875	2.820821183	23.95438007	51.75374931	2.045942971	0	0.702157211	0.633930307	0.714681227	0	0	1.844649347	0	0	0	0	0	0.36704962	2.24009708	0.060620666	0	2.627011476	0.613561809	0	9.259352035	2.937021141	0	31.30323979	4.227665323	0.101170193	30.40848959	0	0	2.76911981	2.429928535	8.873582879	0	0.117245777	0	0	1.221489106	0	0.810404785
