FWK_CODE_K	%ivk07_Wein	%ivk07_Ackerfutter	%ivk07_Flaechenstilllegung	%ivk07_Getreide	%ivk07_Gruenland	%ivk07_Hackfruechte	%ivk07_Huelsenfruechte	%ivk07_Klee	%ivk07_Mais	%ivk07_mehrjaehrige_Graeser	%ivk07_mehrjaehrige_Obst_und_Nutzpflanzen	%ivk07_Nutzpflanzen	%ivk07_Obst_und_Gemuese	%ivk07_Oelsaaten	%ivk07_Pflanzenzucht	%ivk07_sonstige_Flaechen	%ivk07_sonstige_Handelsgewaechse	%ivk07_Teichflaechen	%ivk07_unbekannt	%ivk13_Weindis	%ivk13_mehrjaehrige_Obst_und_Nutzpflanzen	%ivk13_Ackerfutter	%ivk13_Flaechenstilllegung	%ivk13_Getreide	%ivk13_Gruenland	%ivk13_Hackfruechte	%ivk13_Huelsenfruechte	%ivk13_Klee	%ivk13_Mais	%ivk13_mehrjaehrige_Graeser	%ivk13_Nutzpflanzen	%ivk13_Obst_und_Gemuese	%ivk13_Oelsaaten	%ivk13_Pflanzenzucht	%ivk13_sonstige_Flaechen	%ivk13_sonstige_Handelsgewaechse	%ivk13_Teichflaechen	%ivk13_unbekannt	%Wohnbauflaeche	%TagebauGrubeSteinbruch	%SportFreizeitUndErholungsflaeche	%IndustrieUndGewerbeflaeche	%Halde	%Friedhof	%FlaecheGemischterNutzung	%FlaecheBesondererFunktionalerPraegung	%Bergbaubetrieb	%Wald	%Gehoelz	%Heide	%Landwirtschaft	%Moor	%Sumpf	%UnlandVegetationsloseFlaeche	%Weg	%Straﬂenverkehr	%Schiffsverkehr	%Platz	%Flugverkehr	%Bahnverkehr	% stehende_Gewaesser	%Hafenbecken	% Flieﬂgewaesser
NR024	0	7.428174908	2.959788232	23.06407694	54.49225672	1.105097451	0	2.652806554	0	0	0	0	0	2.509601006	0	0.328100991	0	4.232171964	1.227925239	0	0	11.60564473	0	16.1847015	58.48501013	1.125371583	0	4.179673435	0	0	0	0	3.196469811	0	0.627423212	0	4.088016442	0.507689166	3.793652744	1.85114606	1.200951995	8.498682572	0	0.025375901	2.601917545	0.710305908	0	11.84426619	1.694534047	0	50.59281009	0.849999758	0.275653256	6.44023264	1.332643397	3.144447936	0	0.295654705	0	0	2.581477338	0	2.266247924
NR_01	0	10.30054021	3.471511322	60.10740416	4.363715628	2.525134375	0	5.479059572	0	0	0	0	5.637022546	8.115612191	0	0	0	0	0	0	0	4.944468327	2.201081442	79.40945621	4.320048353	4.381218212	0	0.649143894	0.474100462	0	0	2.982098318	0.63838478	0	0	0	0	0	3.457869631	1.070526139	1.640809458	1.132573905	0	0.050698075	1.974353089	0.403161892	0	11.99549092	0.809279977	0	31.09914328	0	0	10.64478279	1.542584965	5.889203252	0	0.696308079	0	2.240423765	0	0	25.35279077
NR033	0	10.70008534	3.127883593	22.46396277	50.3513118	0.737869177	0.328190662	3.338030716	0	0	0	0	0	6.173826971	0	0.0267235	0	1.027084577	1.7250309	0	0	10.62354576	0.159257625	29.15292668	49.20767093	0	0	3.629617907	0	0	0	0	3.543475066	0	0.496090306	0	0.950594251	2.236821473	1.267834471	0.041613456	1.849522158	0.323590748	0	0.035617985	1.49257128	0.317167707	0	30.95896608	1.225655717	0	52.04807418	0	0	4.063186398	1.55978087	1.629580547	0	0.161074896	0	0	2.25964318	0	0.766120334
NR044	0	3.77600912	5.241015587	30.67849474	52.09800339	0	0.372073857	1.914674111	0	0	0.249236631	0	0	3.711084523	0	1.566866328	0	0.196075283	0.196466434	0	0.422243395	4.347694628	1.761380866	27.77357422	52.92872404	0	0	8.28710367	0	0	0	0	3.513995176	0	0.058819219	0	0.182805908	0.723658883	3.137283738	1.244493128	0.812246344	2.666692726	0	0.02374507	2.412419436	0.225238401	0	15.6279756	4.483096457	0	48.20807441	0	0	9.579537574	1.557399883	4.491886437	0	0.051802576	0	1.173145341	0.27179796	0	4.033164913
NR057	0	4.895038723	3.392869018	30.31371742	52.33904703	1.066664561	0	1.881342562	0	0	0.00847441	0	0	4.584005527	0	0.149228206	0.007209922	0.797532382	0.564870234	0	0	6.093528937	0.666242931	28.55606418	52.67722243	2.040358928	0.560083779	2.901748814	0	0.00850775	0	0	4.656787395	0	0.078616418	0	0.716972909	1.043865522	4.544749634	0.067703154	0.924909577	1.416611119	0	0.089991504	3.099995774	0.651861442	0	21.78167374	2.13874402	0	46.6758765	0	0	9.915993889	1.859758698	3.683021739	0	0.128192843	0	0.032146534	1.706072983	0	1.282696847
NR066	0	8.501690903	3.103906044	32.27005316	50.91679069	0.130340705	0.191421768	2.1152082	0.034805072	0	0.008830624	0	0	1.740667617	0	0.225167643	0	0.501627514	0.259490063	0	0.068651093	12.0561607	0.68398064	29.73522095	50.33737956	0.201816953	0.496971987	3.491800821	0.343784122	0	0	0	1.227322961	0	0.012884014	0	0.384253599	0.959772598	3.947341742	0	0.936631459	1.22714786	0	0.050512696	3.976926595	0.661487282	0	26.56302055	2.658552168	0	46.00349826	0.109246826	0	5.621135872	1.812760556	3.108220498	0	0.098692556	0.004503394	0.246608522	1.891167087	0	1.082546083
NR175	0	11.2863666	3.847062889	32.50516572	42.54253019	0.681105439	0	8.32430372	0	0	0	0	0	0.315129864	0	0.01636875	0	0.268481971	0.213484856	0	0	14.47367857	0.1045881	35.27452041	36.56523987	0.373308922	0	10.82521019	0.808262102	0	0	0	1.136577291	0	0	0	0.351423421	0.087191125	1.05444059	0	0.098517604	0.322426805	0	0.018364935	3.140308923	0.092788761	0	16.0022411	5.289147047	0	59.49080049	0.001785191	0	8.997236871	1.621458079	2.326964323	0	0	0	0	0.926842006	0	0.616677277
NR068	0	3.207431083	3.395766913	17.08066115	65.67601239	0.076384772	0.635144766	0.568148728	0.168759062	0	0	0	0	2.009000021	0	0.521235291	0	0.321183587	6.340272242	0	0.373718081	8.893820693	0.491124276	14.19341784	71.21507242	0.030168341	0.003038208	1.066245203	0.430751455	0	0	0	1.662261753	0	0.33485253	0	0.335700501	0.969828705	2.773348148	0.032974468	0.974031141	1.583361224	0	0	1.715829351	0.136844853	0	6.979127052	4.381860538	0.006688287	51.04357501	0.623755027	0	14.51867964	1.446198077	2.375683905	0	0.073056958	0	0.887709843	5.184047056	0	5.263229422
NR080	0	12.17359442	3.349919239	31.47246031	42.70224691	0.099789622	0.270943666	5.747265657	0.721566104	0	0.021768838	0	0	1.658501268	0	0	0	0.692425541	1.089518432	0	2.110773328	16.60720397	0.759968993	25.39732837	39.11403894	0.008710989	0	7.770260054	0.642079253	0.021799862	0	0	5.829056407	0	0.323268977	0	0.120978026	1.294532833	2.044324222	0	0.265552608	0.424002316	0	0	2.372020271	0.131151873	0	31.6588516	4.601486723	0	42.54431893	0.003594655	0.37174859	7.815401278	1.899898556	2.77950264	0	0.049916714	0	0.143761727	2.109163755	0	0.785303545
NR088	0	4.667788889	3.644055687	36.33134794	23.77015109	0	0.445960755	3.066840428	0	0	0	0	0	0.999259765	0	0	0	26.51036491	0.564230526	0	0.85543403	11.09031602	0.763429827	30.15952733	23.92194857	0	1.150321002	1.610173743	0	0	0	0	3.155572178	0	0	0	26.81350555	0.479771758	5.031059275	0	2.403791633	0.429783849	0	0.141230053	2.419942127	0.285643491	0	18.27899306	2.828123445	0	37.15915491	0	1.502135993	6.455441444	1.796356331	4.833885746	0	0.17620832	0	0	15.77087266	0	0.487377656
NR098	0	7.451937376	3.24901367	38.22159231	41.32151363	0.23944754	0.545326707	5.030828816	0	0	0	0	0.06750256	1.206094565	0	0.046494956	0	0	2.620247874	0	0	9.389961472	1.070554223	33.657028	46.92660841	0	0.663040333	2.111070031	0	0	0	0	5.778006318	0	0.297694063	0	0	0.106037145	3.19715428	0.629843399	0.595892294	1.748885703	0	0.022575882	1.384756892	0.023226264	0	34.27687354	3.368392547	0	34.23451299	0	0	13.57425199	2.022948425	2.489076302	0	0.006868281	0	0.153947169	1.35397144	0	0.916822607
NR105	0	5.544044478	1.692863216	28.71835421	58.7738097	0.316998131	0.409717067	1.70571205	0.287802678	0	0.007558751	0	0	1.757325169	0.292382093	0.108151768	0	0.134670228	0.250610461	0	0.093083248	7.826090188	0.632578775	28.00375247	57.12895612	0.183595464	0.567025104	2.232517793	0.333165302	0.007505866	0	0	2.179771845	0.40327552	0.135215935	0	0.147409632	0.126056736	2.244350195	0.053515536	0.637522916	0.894466111	0	0.054297225	3.438935982	0.337310994	0	21.24536613	2.728629492	0	54.80908975	0	0	6.516225042	1.610945039	3.364928671	0	0.017740925	0	0	0.432202518	0	1.614473476
NR113	0	8.276315875	4.361241349	38.81236864	33.70769378	0.14192755	0.352846142	3.600442219	0.758652509	0	0	0	0	6.174269785	0	0.028993034	0	2.608356878	1.176892243	0	0	13.20292742	1.210926728	37.6679951	32.27827695	0.350489437	1.228491425	4.808628583	1.040090103	0	0	0	4.491081349	0	0.864266301	0	2.524299397	0.332527212	4.933376317	0.349829736	0.669453679	2.057568933	0	0.008162895	2.12942452	0.521152823	0	26.50263123	4.080538425	0.021671035	38.53332778	0	0.047528343	9.491010993	2.074885236	3.573960259	0	0.139543904	0	0.223646406	3.769890944	0	0.872396546
NR117	0	4.127584682	1.621241551	32.18640974	52.37047193	1.216269826	0.153687506	5.101182819	0.515994088	0	0	0	0.04294421	1.492461199	0	0.022199923	0	0.631355268	0.518197253	0	0	7.158462312	0.242305959	31.31819749	50.07643593	0.867428198	1.30632481	5.072461863	0.669038213	0	0	0.081081374	2.60592969	0	0.04687872	0	0.404431305	0.151024128	1.207383851	0.398720709	0.289174816	0.594241269	0	0	2.213361336	0.094901249	0	24.9372274	3.101291207	0	51.16901916	0	0.025689054	9.339041977	1.742822052	2.814079829	0	0.027263322	0	0.013122	0.904722707	0	1.127938063
NR143	0	2.730882355	1.668534237	14.5146411	74.79117527	0.076685879	0.003923581	3.510804056	0.026528472	0	0	0	0	0.548443143	0	0.066644351	0	0.102685709	1.959051846	0	0	3.634158244	0	19.31174388	72.26039714	0	0.782522432	3.076468041	0.246729315	0	0	0	0.119989787	0	0.210572466	0	0.105793156	0.251625541	1.293416082	0	0.048250785	0.58434828	0	0	2.038687163	0.043181424	0	30.11688838	3.775507442	0.031953235	45.08120358	0.28913652	0	11.75463951	1.236151355	2.391731763	0	0.049347781	0	0	0.211116477	0	1.054440221
NR201	0	11.62546937	5.712883175	28.71583417	44.55203675	0.727490523	0.72390526	2.134779517	3.493143626	0	0	0	0	1.74863912	0	0.031614374	0	0	0.534204108	0	0.055465129	19.06949398	1.996676647	25.55764872	44.79610077	4.217879286	0.119934611	1.077778396	0.256092925	0	0	0	1.055226078	0	1.52844432	0	0	0.26925914	5.441968824	0.240378846	1.581971551	1.43000524	0	0.050318715	4.555482385	0.248161462	0	12.42099709	7.409061907	0	44.03059994	0.187221802	0	8.651143144	1.940811131	5.485354503	0	0.046863303	0	1.301762171	0.816508549	0	4.161389437
NR211	0	4.744277702	4.872545384	29.79839491	42.69642769	0.077341098	1.962092578	8.487664203	0	0	0	0	0	3.884764045	0	0	0	0.123020541	3.353471843	0	0	0.435952363	2.278603816	49.92131439	41.52855497	0	0.923273662	2.821666372	0	0	0	0.104569761	0.981074725	0.892141324	0	0	0.112848621	0	0.697744514	0	0.074592082	0.446414858	0	0	3.418233895	0.002124108	0	25.02768953	3.064637153	0	54.90548202	0	0	4.856094354	2.147938373	2.250212241	0	0.01074634	0	1.367644316	0.760003811	0	0.97044241
NR216	0	8.177991084	1.922858702	36.50856692	44.19444254	0	0	2.686082871	0	0	0	0	0	5.523066912	0	0.099767097	0	0	0.887223877	0	0	9.354462392	0.094807522	37.14389921	45.31593684	0	0	3.532197595	0.69615867	0	0	0	2.869772679	0	0.145751369	0.144783795	0	0.702229933	8.760499704	0.0288839	1.889833474	3.246722708	0	0.764434454	2.513913869	1.781891251	0	9.160020325	2.57355573	0	45.40768008	0.082807811	0	11.17570777	2.413144256	7.901652397	0	0.565257133	0.149626655	0	0.599311861	0	0.985056629
NR219	0	10.81041137	2.996238088	25.9345256	44.1298896	0	0	11.341278	0	0	0	0	0	4.508624525	0	0	0	0.279032818	0	0	0	1.751397953	2.684756359	40.16293382	43.01081223	0	0	6.769457339	1.353760058	0	0	0	3.990328151	0	0	0	0.276554089	0	1.189967847	0	0	0.703075147	0	0	2.453274321	0.179983946	0	17.85468914	3.603358995	0	52.60147176	0	0	13.52964652	1.990988497	3.667162679	0	0	0	0	1.265278775	0	0.961102374
NR191	0	16.61856089	2.4181731	50.27354413	12.58560993	0	0	4.093997175	3.522490066	0	0	0	0.651745028	9.835879683	0	0	0	0	0	0	0	9.895213773	0.498334906	54.88950668	13.30798573	0	0	3.442729986	2.754422397	0	0	0	14.89617026	0	0	0	0	0.315636263	2.944863707	0	0.208829492	1.100425123	0	0.024702029	5.050360332	0.134102051	0	7.919426631	1.225530805	0	67.82628581	0	0	7.121259895	1.454635195	3.482139243	0	0	0	0	0.625271717	0	0.882167967
NR021	0	10.581789	4.148646139	29.26159632	47.30297829	2.024912716	0.206967308	1.746515793	1.032692337	0	0	0	0	2.556533683	0	0.269652852	0.018850068	0	0.848865493	0	0.034852703	15.50894398	1.206644362	25.8996717	47.38428113	1.490237763	0	2.003348013	3.533518881	0.02203463	0	0.220292094	2.579415504	0	0.047088806	0.018852745	0	0.050817686	3.913234216	0.221460174	1.99151407	1.581588197	0	0.053641339	1.885907062	0.528192824	0	5.375401649	4.662524979	0.076756158	44.14441151	0.030020462	0.084991411	8.859110397	1.509526929	4.675128331	0	0.176354862	0	1.219263288	1.965056586	0	17.04591556
NR023	0	1.228418519	3.835242367	26.76453957	52.77244873	0	0	7.159790017	0	0	0	0	0	7.87725743	0	0.080354592	0	0.281948782	0	0	0	11.6050657	0	21.19107173	54.68149618	0	0	5.76824341	0	0	0	0	6.307750399	0	0	0	0.153335066	0.293037513	2.365671977	0	1.591905289	1.261007869	0	0.04299547	2.204005883	0.026342196	0	31.57405945	1.885825119	0	46.99429962	0	0	4.993172272	1.941268898	2.081082176	0	0.034859031	0	0	1.395352778	0	1.608151972
NR041	0	12.5490208	3.037579555	34.68218471	33.89564343	0	0.619513799	5.672482252	0	0	0	0	0	0.190361598	0	0.030190285	0	9.215353487	0.107670086	0	0	20.53839652	0.130591625	27.80110245	26.4811381	0	0.002526125	8.583267837	5.075010113	0	0	0	2.29338652	0	0	0	8.536496948	0.558083756	0.65192004	0	0.346626467	0.031203268	0.035567656	0	0.995031476	0.129503486	0	33.7289947	5.939770578	0	44.33731384	0.043647303	0.021570396	5.621364653	1.364824527	0.916446949	0	0.024846958	0	0	5.224701146	0	0.58666655
NR043	0	3.466536202	0.879437689	24.15631387	64.98679377	0.001697126	0	3.32873454	0	0	0	0	0	0.779830877	0	0.153127319	0	1.745599075	0.501929524	0	0	4.289164692	0.247028937	19.25544325	66.63018174	0.073719747	0	4.788800454	0	0	0.200483316	0	2.663888138	0	0.245100823	0	0.716323667	0.889865238	6.097531203	0	0.41428771	1.702043012	0.124855421	0.0901409	2.170580047	0.292309897	0	29.82550845	5.367980146	0	34.5174913	0.18675543	0.167775543	11.33061287	1.596298417	3.362856592	0	0.067683411	0	0.191381035	0.942624539	0	1.551284067
NR050	0	3.107894462	1.507304983	37.65658664	39.0516625	0	0.059595684	2.627195695	0	0	0	0	0	4.108632585	0.067254791	0.201087487	0	11.4292819	0.183503277	0	0.165926902	5.254513139	0.657999645	34.58155963	38.74202572	0	0.068282379	3.461663666	0	0	0	0	5.286523045	0.067109081	0.02036004	0	11.62768696	0.066349796	2.256342969	0.019418142	0.520727277	0.417689628	0.090442693	0.006445521	1.238684659	0.081351118	0	34.28715501	1.747897251	0	40.6747283	0.101633635	0.085309116	8.24384468	1.487557419	1.900829413	0	0.041481989	0	1.33775848	4.677897999	0	0.782804704
NR054	0	11.3113869	1.973177966	41.44140301	35.39167996	0.286219411	1.73213775	2.776449399	0	0	0	0	0	3.27644029	0.548517083	0	0	1.132836056	0.129752178	0	0	15.76024816	0.082260449	44.94184932	29.81351952	0.466882758	0	2.690681469	0.161691586	0	0	0	5.2166086	0	0	0	0.763146568	0.103111565	1.365162661	0	0.208033718	0.117544785	0	0.027309689	2.700116321	0.58307979	0	17.8256151	1.111553683	0	64.71084168	0	0	4.69550189	1.897393274	2.141906643	0	0.004104002	0	0.090493275	1.532480527	0	0.988862955
NR074	0	9.762333826	2.931874092	20.07343959	61.94546125	0.517885572	0.202955426	2.225289982	0.272678617	0	0	0	0	2.051140465	0	0.016941176	0	0	0	0	0	13.6131085	0.277595826	19.35681289	61.90961298	0	0.450426774	2.458193466	0.135467245	0	0	0	1.768697348	0	0	0	0	0.030084962	2.502227189	0	0.124699473	0.290319191	0	0.014215691	3.566534479	0.108463412	0	12.98513815	0.62882904	0	71.45675608	0	0	2.487386711	1.865901792	1.863378969	0	0	0	1.176171098	0.424944757	0	0.505033965
NR120	0	2.417709352	2.552827605	20.69054954	68.20463032	0.998319055	0	2.068947859	0	0	0	0	0	2.280563723	0	0.008089132	0	0	0.778363417	0	0	5.632561422	0	23.90967367	67.21314084	0.081166924	0	1.980123988	0	0	0	0	0.391946286	0	0.361845443	0	0	0.429541426	1.924864194	0	0.2736245	0.718504775	0	0.074173003	4.407517589	0.65700163	0	13.70063194	1.796046124	0	58.01703684	0	0.340007396	7.652456225	1.140570887	4.011613073	0	0.103928269	0	0	0.451772109	0	4.730251442
NR132	0	6.009093894	0.325549281	14.52558992	76.08888296	0	0.233224169	1.862135896	0	0	0	0	0	0.277871622	0	0.094916089	0	0	0.582736176	0	0	8.714899523	0	12.01010094	74.42985394	0	0.575595204	3.57182559	0	0	0	0	0.339425673	0	0.142043937	0	0	0.216255191	1.224262283	0	1.631598893	1.13089129	0	0	2.68806201	0.302520182	0	12.50234659	4.569795835	0	54.09864152	0.281160703	0	8.908092505	1.528217317	2.714918257	0	0.06647904	0	0	3.884198152	0	4.46881542
NR146	0	5.651399765	1.265363253	13.6620583	66.32262532	0	0	2.925122689	0	0	0	0	0	9.731850442	0	0	0	0.145216393	0.296363837	0	0	14.24157676	0	25.60263894	48.71331994	0	0	4.161120975	0.781792922	0	0	0	6.35239728	0	0	0	0.147153186	0	6.685076373	0	1.959789077	0.773529146	0	0	1.500493952	0.360894528	0	41.36201524	3.630970848	0	21.51556086	0	0	6.570861771	2.613898049	4.895964825	0	0.012311322	0	0	0.748019428	0	7.370614574
NR162	0	6.402297238	0.71766702	36.31618396	44.08411188	2.747332765	0	4.59048198	0	0	0	0	0	4.376346478	0	0	0	0.678576199	0.087002486	0	0	7.964444863	0.17208118	33.59743692	41.92404343	0.230188319	0.510778762	7.370868682	1.06758333	0	0	0	2.038509741	0	0	0	0.112979772	5.011084998	4.340509637	0	0.762331098	1.480334954	0	0	2.457765296	0.72683881	0	24.32469842	5.144171563	0	48.42865878	0	0	4.413051557	1.704798583	3.461271972	0	0.075213205	0	0	1.559974234	0	1.120381892
NR163	0	5.73591786	1.61949186	14.99275656	65.77886664	0.513955039	0.112864167	5.92514948	0	0	0	0	0.242088992	0.120626571	0	0.258825275	0	3.773035277	0.926422274	0	0	7.281603531	0.165760663	18.28602516	65.83628309	0	0	4.057293965	0	0	0	0	3.81024E-05	0	0.496847463	0	3.686647458	0.189500574	2.909000473	0	0.214346368	1.01908051	0	0	4.058952984	0.143443237	0	23.50599435	4.769203639	0.000530969	45.35146249	0	0	7.705266381	1.797596952	3.756175552	0	0.053339796	0	0	2.308800281	0	2.406806017
NR193	0	24.64296151	4.991182662	36.96473087	22.38428892	1.170944576	0	1.800615288	0.120500656	0	0	0	0	1.190663037	0	0	0	6.597220194	0.136892292	0	1.157341953	25.36607032	1.224475001	37.66848741	20.65978893	1.678520577	0	0.482074011	4.990023644	0	0	0.200053574	0	0	0	0	6.406911893	0.166252687	3.148421572	0.466918097	0.410784602	3.697209153	0.001090564	0.040553197	1.313455617	0.146856034	0	27.21703957	4.710510147	0	35.24745843	0	0	7.985451493	1.856528778	4.383629988	0	0.024854128	0	0.338605483	8.235422512	0	0.775210632
NR196	0	4.681643223	1.455973936	2.793427786	28.99770818	0	0	0	11.30764524	0	0	0	0	0	0	0	0	50.76360164	0	0	0	17.65544254	0	0	29.15661193	0	0	0	0	0	0	0	3.255925132	0	0	0	49.9320204	0	4.667333226	0	1.386062686	1.405851156	0	0	0.545102851	0.559341687	0	51.04565152	1.191191599	0	19.98120492	0	0	1.916172261	1.735567523	7.321368772	0	0.167605782	0	0.544750729	6.549517164	0	0.983278122
NR199	0	6.503040797	6.689749155	34.49011579	41.50931906	0.077788337	0.390643421	2.149011479	0	0	0	0	0	7.455668787	0.171598256	0.016886415	0	0.123190626	0.422987877	0	0.303278776	7.667983794	1.447581038	32.58660036	44.10178827	0.062256734	1.176277077	4.04067881	0.0922831	0	0	0	8.105152473	0	0.189176928	0	0	0.226942643	8.859091939	0.005268129	4.717746499	3.918865776	0	0.045402284	4.962681449	1.214959662	0	11.88243126	6.789877984	0	31.09033076	0.057564302	0	9.553226414	2.094351163	7.860629735	0	0.548224476	0	0.604132845	0.528446417	0	5.266768907
NR204	0	11.49238721	5.679576842	18.74972695	47.42040578	0	1.626751831	6.456605342	0	0	0.128518265	0	0	6.240382089	0	0	0	0	2.205645689	0	0	11.45763046	0.922508632	29.33908439	50.92574466	0	0	4.295226448	0	0.134144131	0	0	1.695846762	0	0.946794214	0	0	0.2830203	4.110489031	0	0.579506883	0.915972045	0	0.032752217	2.175045102	0.438784951	0	33.39152648	1.627970383	0	39.35626292	0	0	4.647921082	1.325188075	5.705193994	0	0.280879803	0	0	0	0	5.412507033
NR220	0	5.140621639	5.292766384	28.02858984	46.14766962	0.007833066	0.348166853	9.300789366	0	0	0.014321536	0	0	2.873700245	0.056268731	0.202120382	0	0	2.587152338	0	0	4.756511618	4.477894161	26.29334534	47.98821243	0.021048026	0.538571722	9.731580561	0.386063825	0.007585599	0	0	5.216866457	0	0.31248758	0	0	0.269832686	3.60634323	0.015852564	0.677508207	0.727676962	0	0.089569761	3.297260232	0.509780284	0	27.49625745	4.999253386	0.071792356	39.9560621	0	0	9.690593693	2.467274989	3.999063236	0	0.07494751	0	0	0.267997467	0	2.052766568
NR205	0	5.517418627	5.539867171	34.30435237	42.7048425	0	0.748386049	3.791170877	0	0	0	0	0	1.69525675	0.337854531	0.095767193	0	4.638360227	0.6267237	0	0	10.48373614	3.328466366	32.77830101	41.0173293	0.143842136	0.238475713	2.698477945	0.180311319	0	0	0.039224887	4.048781408	0	0.059692477	0	2.083837629	2.899523674	2.199124535	0.137632733	0.435201642	0.565996062	0	0.045637258	2.664919402	2.382854058	0	26.72697545	6.102232853	0	34.9212901	0.080458307	0.353121006	13.46201303	1.839480259	2.440431446	0	0.047073831	0.001307101	0.224371428	4.547416584	0	0.822462919
NR213	0	9.05690603	6.267384118	30.58492806	44.85749104	0	0	5.424429736	0.046039501	0	0	0	0	1.636497559	0	0	0	0	2.126323957	0	0.567936821	12.91316321	2.163137575	27.51402529	43.93242551	0	1.102925173	6.034789025	0	0	0	0	4.481367368	0	0.332354786	0	0	0.95787525	12.88126311	0	3.116251161	8.487166381	0	0.119010755	4.112335797	1.811260834	0	9.296889032	2.039014488	0	40.69380336	0	0	4.910729369	1.560356957	6.501235069	0	0.538522597	0	2.310228367	0.390247037	0	1.231685685
NR227	0	7.286754566	2.638090657	45.3266727	27.12593403	0	0.980122076	12.78579694	0	0	0	0	0	0	0	3.856629042	0	0	0	0	0	4.308334776	5.447788416	12.14717556	60.11017304	0	0	3.273677347	0	0	0	0	0	0	14.71285086	0	0	0	3.738947239	0	0.62931175	1.433110452	0	0	1.113950633	5.779081876	0	32.94149118	4.575337505	0.015283377	29.11578311	0.03455529	0	14.23285239	1.322648355	3.493097858	0	0.076944455	0	0	0.319735262	0	1.177869263
NR202	0	4.590930869	1.118102052	19.94111012	62.81348963	0.002615143	0	2.358730409	0	0	0	0	0	2.829186855	0	0.251033438	0	5.069660058	1.025141424	0	0	12.85651346	0.153958616	12.73446694	61.87754813	0	0	3.365445947	0	0	0	0	2.527413011	0	1.243648112	0	4.830727263	0.410278519	2.524295764	0	0.612504357	0.676653916	0	0	2.719447845	0.108331567	0	25.55328087	4.198379224	0	45.83960052	0	0.119872064	7.55288374	1.679975538	2.235195899	0	0.146301287	0	0.366885877	4.411033282	0	1.255358245
NR212	0	12.53878338	0.349668177	38.51432104	26.18543661	4.425791737	0.316971397	5.831680128	0	0	0	0	0	4.316503691	0	0	0	7.443717598	0.077126246	0	0	16.39555398	2.75032173	22.71075522	25.82957765	5.330256783	0	7.867262624	0	0	0	0	9.791619202	0	0.948551065	0	6.986611822	1.389489928	3.424130881	0	0.118963036	0.298178425	0	0	4.657080973	0.249261189	0	15.45325139	3.046908027	0	45.89994032	0	0	7.739567698	2.534034428	2.950859744	0	0	0	0.184097896	12.90314613	0	0.540579875
NR034	0	6.679292448	3.503071406	60.08957042	26.25430428	0	0	1.568406596	0	0	0	0	0	0	0	0	0	1.905354846	0	0	0	1.675274465	0	67.66056789	25.57514591	0	0	2.608564426	0	0	0	0	0	0	0.593466224	0	1.886981087	0	0.32815126	0	0.03583808	0.00244396	0	0	0.449020633	0	0	57.58640678	0.513152513	0	29.24220881	0	0	5.918284538	2.521169381	0.601218346	0	0	0	0	1.700880669	0	1.10122503
NR038	0	6.27950966	2.022664713	25.805385	42.76173166	0	0.105229819	4.508292887	0	0	0.012492271	0	0	6.192546311	0.014857163	0.102950873	0	11.64760509	0.546734552	0	0	13.35872492	0.439046751	24.79338979	39.01503577	0	0	4.605213164	0.141430962	0.015919781	0	0	5.319221415	0.014823793	0.091349856	0	11.12358596	1.082257838	1.794607797	0.007179231	0.229113463	0.992017316	0.037316052	0	2.055986881	0.033014104	0	20.08734508	0.809055809	0	53.85986123	1.149652958	0.995295792	7.449120495	1.369462362	2.423237168	0	0	0	0.301458719	5.803196871	0	0.603078678
NR061	0	7.324930773	0.924841835	27.99347202	56.72968862	0.397630486	0	1.884027304	0	0	0.068924441	0	0	2.08718826	0	0.268261133	0	0.859895314	1.461139816	0	0.128590841	6.957517527	0.127559834	24.52045663	59.57617673	0	0.104260062	3.129163195	1.265427004	0.073959791	0	0	2.530550935	0	0.307020541	0	0.916808591	0.362508314	3.146587219	0.004482153	2.530539399	2.090848814	0	0.178087936	1.732983615	1.400963602	0	26.84137924	3.313860402	0	37.31758974	0.050247083	0	12.20021568	1.605381271	3.851814173	0	0.240952332	0	0.518376323	1.663112187	0	1.31257883
NR084	0	6.869700551	2.942275973	29.46130939	50.60990799	0	0.373257407	6.208446722	0	0	0.039935213	0	0	0.882030552	0	0.18386825	0	0.009809092	2.419458859	0	0.416016009	16.15647946	0.536618683	24.04052273	50.8494178	0.01170414	0	6.236424679	0	0	0	0	0.964014315	0	0.447393194	0	0.017992526	0.323416464	2.920915806	0.021575055	0.463960761	0.847252871	0	0.024755896	1.876683669	3.552977144	0	26.77744487	4.297308347	0.003688183	32.52374077	0	0.065057136	18.79450806	1.777394304	2.195344682	0	0.050209912	0	0.3906285	2.104340519	0	1.312213512
NR101	0	0	10.18617626	16.61755282	52.78351934	0	0	0	0	0	0.360904271	0	0	0	0	0	0	20.0518473	0	0	0	0	1.028471935	8.806258781	49.31389994	0	0	13.38242254	0	0	0	0	0	0	0	0	18.02454837	9.444398438	2.219895797	0	0.057072935	0.884421875	0	0	0.656837056	1.098762863	0	47.42405757	5.083757373	0	13.96287435	0	5.370671351	8.313143627	1.976416779	3.000990193	0	0.064550631	0	2.113310634	6.736656199	0	1.036580772
NR119	0	2.665611147	3.106049281	29.98526317	58.83812411	0	0.410637903	2.249284121	0.497433432	0	0	0	0	1.575707443	0	0	0	0	0.671889388	0	0	1.459224739	0	30.64212367	57.14387049	0	0	2.441903449	2.143879371	0.099910653	0	0	6.061020852	0.008066778	0	0	0	0	0.339062669	0	1.185568306	0.783742887	0	0	0.501214908	0.002788579	0	36.53173541	2.690619575	0	28.29035152	0	0	13.83799364	1.978084407	1.551143562	0	0.023649976	0	0	5.571863861	0	6.712180696
NR124	0	5.229353069	2.409101301	31.47298218	52.96132882	0	0	4.4629056	0	0	0	0	0.531277985	1.645890026	0	0	0	0	1.287161026	0	0	8.410633251	0	29.81611246	54.47734377	0	0	3.976916699	0	0.302350289	0	0	1.369154941	0	0.586967251	0.080668872	0	0.979852463	3.609692568	0	1.345380991	1.02684889	0	0.204301718	2.366372166	0.747305285	0	14.84722662	2.328354201	0	50.02494094	2.080730285	0	6.43665702	2.218055037	5.719832046	0	0.0050778	0	0	0.257734075	0	6.781490357
NR133	0	8.864244495	1.05581022	22.60596956	59.55879688	0	0.00118518	3.757374226	0	0	0	0	0	1.139177478	0	0	0	2.399449802	0.61799216	0	0	13.00042917	0.022859022	21.79043993	57.53904805	0.009798569	0.100744049	3.270290187	0.920365475	0	0	0	0.52394643	0	0.063016591	0	2.448129736	0.310932789	1.374271652	0	0.583110153	0.992508971	0	0.011456033	3.488870326	0.05992909	0	13.33462437	3.834830147	0	57.70579166	0.017671788	0	9.85366583	1.420911422	2.999553873	0	0.036056876	0	0.061142086	3.453707011	0	0.771898709
NR134	0	4.03842502	0.702951021	15.38407027	77.30915215	0	0	0.813784374	0	0	0.088213657	0	0	0	0	0.041444535	0	0	1.62195897	0	0	5.053734443	0	12.19646054	80.00306324	0	0	1.984719423	0	0.092338282	0	0	0	0	0	0	0	0.669684072	7.449180977	0	1.640091296	3.478049374	0	0	3.814090977	0.927304086	0	28.0902226	2.236711164	0	34.94918688	0	0	8.812823447	1.047268894	5.646639016	0	0.352381366	0	0.323870053	0.365785425	0	0.866394448
NR149	0	5.172486048	1.258464096	22.8022853	58.62142117	0	0.018757409	9.177962786	0	0	0	0	0	0.947275962	0	0.051997779	0	0.77898106	1.170368386	0	0.119195506	8.644371308	0.211481189	21.42568011	57.58858369	0.260249183	0	10.08727899	0.377764231	0	0	0	0	0	0.091782615	0	0.881255614	0.312357559	3.211048979	0.136083892	0.355778743	1.335528244	0	0.033052119	2.702329821	0.459001134	0	22.66502217	4.25133723	0	47.21995132	0.014207019	0	8.686831777	1.912138485	4.448548509	0	0.021057245	0	0	1.103304078	0	1.444779231
NR150	0	4.979447469	1.049622388	16.73821652	70.71042559	1.091128984	0.112956631	4.734332945	0	0	0	0	0.156153848	0.133765025	0.007294561	0.025356386	0	0.010592766	0.250706881	0	0	9.903080872	0.154161621	15.53264404	70.53549879	0.70105376	0	2.147663092	0.565026397	0	0	0	0.33840545	0	0.087706245	0	0.010644224	0.02411551	2.282660829	0	0.361571831	0.936268587	0	0.075609901	2.909510538	0.24865898	0	8.181928337	2.841316994	0	59.68358207	0.043750674	0.078998461	9.682179849	1.078478132	3.451382445	0	0.048171169	0	0.03555049	0.416972489	0	7.64340823
NR177	0	7.6118633	3.603679424	44.85524557	29.94287226	2.189336033	0.223188908	4.318660798	0.166902419	0	0	0	0	2.308190703	0	0.183227461	0	3.809220498	0.787612626	0	0	13.60273574	0.909113678	42.15857199	28.4192557	2.173105938	0.237279517	4.128342366	0.601977769	0.00047586	0	0	3.586662031	0.01377699	0.522408632	0	3.223939781	0.422354003	1.79294759	0.005991363	0.374143152	0.43657966	0	0.010037567	2.012015607	0.179171823	0	19.72481193	2.940953055	0	54.29891594	0.162082817	0.015328826	7.72516121	2.085857862	3.12269723	0	0.018974629	0.088756899	0.314074881	3.851479441	0	0.840018521
NR215	0	6.86725889	3.466833788	46.48026078	32.91810866	0.056794681	0.150909464	4.187025657	0.250858744	0	0	0	0.00244962	4.523432007	0	0.018829407	0	0.50271215	0.574526154	0	0.163938895	12.51664024	0.929928005	38.9484568	30.04133742	0.041322226	0.575187897	2.885888456	2.713006996	0	0	0.001720186	9.184968878	0	0.474536045	0	0.511767955	1.011300004	4.936793952	0.005894321	0.854892601	0.968765628	0	0.138822572	3.778019954	0.255909842	0	7.32305751	3.394647093	0	56.18570506	0	0	10.62896473	2.454456572	4.607282847	0	0.172874228	0	0.806991834	2.431938509	0	1.054982742
NR020	0	7.692489766	2.479039467	18.84358498	59.92697971	0.344162832	0.084577228	1.692349744	0.164093	0	0	0	0.035467313	1.498336411	0	0.069255632	0	3.067859125	4.101804795	0	0.102978009	7.913733583	0.72817745	17.98293746	63.57963956	0.448443074	0.812205403	2.200848942	0.416643014	0	0	0	2.284639645	0	0.066792205	0	3.136030378	0.326931275	2.766232009	0	1.732554655	2.199786905	0.053270212	0.028676339	2.158483786	1.178829988	0	14.56648729	3.239781988	0	49.6460177	1.641355867	0.09081011	7.626972934	1.617559296	2.530747105	0	0.125789727	0	1.394900691	1.563735022	0	5.838008381
NR118	0	2.833648088	2.127482698	16.03769084	71.84565588	0.123716874	0	5.143732593	0	0	0	0	0	0.102041174	0.297211936	0.072080848	0	0	1.41673907	0	0	5.154187242	0	14.84161492	74.6752979	0.375223277	0.488533416	3.368767688	0	0	0	0	0.085112166	0	0.221726746	0	0.012594516	0.776942129	1.637622829	0.212230143	0.150162255	0.724054879	0	0	2.849101034	0.056537053	0	17.91629724	5.213747672	0	53.85888223	0	0	8.82691775	1.162658976	3.682648416	0	0.043994508	0	0	0.764536966	0	2.900608056
NR064	0	12.3586557	1.240074008	58.38930877	20.81316726	1.72552732	0	1.862863577	0.053727633	0	0	0	0.417445008	2.092717261	0	0	0	0	1.046513456	0	0	16.64699333	0.273390204	47.66191154	20.27373186	6.795149209	3.021491895	2.275089563	0.015070097	0	0	2.037373771	0.987563182	0	0	0	0	0.012235352	1.344327583	0	6.073961991	1.281799013	0	0	1.42179189	1.109720209	0	0	1.731234224	0	61.46891456	0	0	8.794718292	3.699696289	6.017821887	0	0.51259	0	0	0.091975021	0	6.451449042
