FWK_CODE_K	%ivk07_Wein	%ivk07_mehrjaehrige_Obst_und_Nutzpflanzen	%ivk07_Nutzpflanzen	%ivk07_Obst_und_Gemuese	%ivk07_Oelsaaten	%ivk07_Pflanzenzucht	%ivk07_sonstige_Flaechen	%ivk07_sonstige_Handelsgewaechse	%ivk07_Teichflaechen	%ivk07_unbekannt	%ivk07_Ackerfutter	%ivk07_Flaechenstilllegung	%ivk07_Getreide	%ivk07_Gruenland	%ivk07_Hackfruechte	%ivk07_Huelsenfruechte	%ivk07_Klee	%ivk07_Mais	%ivk07_mehrjaehrige_Graeser			%ivk13_Wein	%ivk13_Ackerfutter	%ivk13_Flaechenstilllegung	%ivk13_Getreide	%ivk13_Gruenland	%ivk13_Hackfruechte	%ivk13_Huelsenfruechte	%ivk13_Klee	%ivk13_Mais	%ivk13_mehrjaehrige_Graeser	%ivk13_mehrjaehrige_Obst_und_Nutzpflanzen	%ivk13_Nutzpflanzen	%ivk13_Obst_und_Gemuese	%ivk13_Oelsaaten	%ivk13_Pflanzenzucht	%ivk13_sonstige_Flaechen	%ivk13_sonstige_Handelsgewaechse	%ivk13_Teichflaechen	%ivk13_unbekannt	%Wohnbauflaeche	%TagebauGrubeSteinbruch	%SportFreizeitUndErholungsflaeche	%IndustrieUndGewerbeflaeche	%Halde	%Friedhof	%FlaecheGemischterNutzung	%FlaecheBesondererFunktionalerPraegung	%Bergbaubetrieb	%Gehoelz	%Heide	%Landwirtschaft	%Moor	%Sumpf	%UnlandVegetationsloseFlaeche	%Wald	%Weg	%Straﬂenverkehr	%Schiffsverkehr	%Platz	%Flugverkehr	%Bahnverkehr	% stehende_Gewaesser	%Hafenbecken	% Flieﬂgewaesser
IN002	0	0	0	0	0	0	0	0	0	0	0	0	0	0	0	0	0	0	0			0	0	0	0	0	0	0	0	0	0	0	0	0	0	0	0	0	0	0	0	0	0	0	0	0	0	0	0	0	0	0	0	0	0	0	0	0	0	0	0	0	0	0	100
IN153	0	0	0	0	1.942331051	0	0	0	0	0	1.323705369	4.374546512	18.57056159	34.61418252	0	0	0.250350128	38.92432283	0			0	4.894192579	0.251098445	28.29157002	32.29108333	0	0	0.502317772	32.4013857	0	0	0	0	0	0	0	0	0	1.368352156	1.097286618	0	0.70933577	0.99104476	0	0.073223869	0.136225633	0.182702563	0	7.841765746	0	8.773686813	0	1.041325612	8.783090435	15.12248544	1.668278426	0.808047464	0.008067718	0.068102024	0	0.215800092	1.91126425	0	50.56826677
IN156	0	0	0	0	0.964517033	0	0.001836997	0	0	0.749069976	19.22887953	4.525942779	27.59070906	25.04920023	1.43328302	0	0.800895907	19.65566547	0			0	15.96904505	1.891073231	37.98970862	21.32607593	1.435473648	0	0.272158538	19.26459235	0	0	0	0	1.266691081	0.236756868	0	0	0	0.348424697	0.873805765	0	0.482731881	1.009614217	0	0.086029154	0.535511667	0.137799951	0	6.217060565	0	12.84444233	0.003565705	0	7.486542545	25.63065885	2.013828057	1.1761849	0	0.079560374	0	0.432207964	3.120235986	0	37.87022009
IN157	0	0	0	0	0	0	0	0	0	0.123416365	0	0	0	31.93449402	0	0	0	67.94208962	0			0	68.81832817	0	0	31.18167183	0	0	0	0	0	0	0	0	0	0	0	0	0	0	7.89667565	0	1.302741846	2.160797992	0	2.206812592	7.517345552	12.56936613	0	1.713767553	0	2.078905016	0	0	2.831636545	1.424142084	1.862967299	6.543187204	0	0.657789262	0	2.364633438	0	0	46.86923184
IN158	0	0	0	6.183473841	1.47790112	0	0	5.378703748	0	0.439952216	19.01490102	2.982901965	19.24602592	26.92895998	0.533781722	0	5.054621083	12.75877738	0			0	12.98116914	3.38169074	37.51075533	21.33957136	0	0	3.648549953	11.72440972	0	0	0	4.647106092	1.207656254	0	0	3.382810709	0	0.176280694	3.571036041	0.000730401	1.40006863	1.455752305	0	0.140824793	1.450988563	0.702515449	0	2.572012627	0	20.18772375	0	0	4.709721899	35.22167679	1.209048846	1.812052296	0	0.263905684	0	0.081309018	0.31308528	0	24.90754763
IN159	0	0	0	0	1.787856286	0	0	0	0	1.035849317	10.77208122	0.840527594	21.59580201	55.78291744	0	0	1.658721235	6.526244901	0			0	15.7282542	0.507276365	21.33170668	49.97292547	0	0	2.117050942	6.002751029	0	0	0	0	3.676667119	0	0	0	0	0.663368197	1.26318923	0.030019938	0.548174458	0.797433991	0	0.002991495	0.864279258	0.477246372	0	3.282314668	0	19.73189494	0.198471017	2.218693789	5.179595101	24.23798212	1.518533477	0.843432383	0.002001105	0.082036095	0	0.167308786	0.99681622	0	37.55758556
IN162	0	0	0	0	0.257970418	0	0.210062848	0	0	2.148820202	18.41188348	0	5.200016397	69.28875817	0.166977819	0	2.750656469	1.564854204	0			0	17.78816837	0	7.441399233	64.49936681	0.075417252	0	7.54035587	0.675117991	0	0	0	0	0	0	0.212025988	0	0	1.768148487	2.780039897	0.515252716	1.481305503	2.823527415	0.017678662	0	0.85702277	0.522332531	0	5.756491122	0	23.34566957	0.019592732	0	9.691514886	17.94493985	2.914507466	5.501286978	0.046994805	0.172740215	0	0.633738567	4.464433234	0.036255527	20.47467555
IN165	0	0	0	0	0	0	0	0	0	12.93846828	0	0	0	87.06153172	0	0	0	0	0			0	0	0	0	65.53059622	0	0	0	0	0	0	0	0	0	0	0	0	0	34.46940378	0.087481857	0.054257839	0.140332791	0.310062328	0	0	0.323064194	0.036957837	0	7.452361061	0	30.83185784	0	0	9.736797191	43.19869371	0.701114176	0.7619841	0	0.117206908	0	0	3.117619413	0.000762208	3.129446544
IN171	0	0	0	0	0	0	0	0	0	37.19394481	0	0	0	62.80605519	0	0	0	0	0			0	0	0	0	63.91120113	0	0	0	0	0	0	0	0	0	0	0	0	0	36.08879887	5.492359382	0	0.699455102	2.381242336	0	0	1.028385179	0.401365424	0	4.72057513	0	10.18334383	0	0	7.70762077	58.51938164	1.105483465	2.363219346	0	0.327198406	0	0.704903742	0.09248162	0	4.272984631
IN175	0	0	0	0	0	0	0	0	0	8.920845433	2.052043006	0	0	89.02711156	0	0	0	0	0			0	0	0	0	91.01536949	0	0	1.387340429	0	0	0	0	0	0	0	0	0	0	7.59729008	4.820620069	0	0.288469246	0.958955008	0	0	1.161146013	0.364930078	0	2.175612931	0	29.83977548	0	0	5.135969814	47.01801932	0.809186016	3.17910902	0	0.43900251	0	0.319920711	0.556029859	0	2.933253925
IN178	0	0	0	0	0	0	0.623904107	0	0	0.521907781	0	0	0	98.85418811	0	0	0	0	0			0	0	0	0	99.35459583	0	0	0	0	0	0	0	0	0	0	0.640874129	0	0	0.00453004	2.088998649	0	0.00306893	0.098834064	0	0.031787207	0.772282874	0.122084339	0	1.720541823	0	52.33082694	0	0	7.649151446	31.39187045	0.971617245	1.024395589	0	0.070829026	0	0	0.012553496	0	1.711157914
IN179	0	0	0	0	0	0	0	0	0	3.888239224	8.731275354	0	0	87.38048542	0	0	0	0	0			0	7.951636087	0	0	88.24472936	0	0	3.803634548	0	0	0	0	0	0	0	0	0	0	0	15.88688245	0	0.289102026	4.374589058	0	0	1.400464953	0.583984319	0	2.583928242	0	30.17082982	0	0	5.065122817	25.37053093	1.64548501	4.421168096	0	0.11318205	0	0	0.189029406	0	7.905700826
IN181	0	0	0	0	0	0	0	0	0	0	1.108512186	0	2.345233712	96.5462541	0	0	0	0	0			0	3.671156573	0	0.393259922	95.1488414	0	0	0	0	0	0	0	0	0	0	0	0	0	0.786742108	2.155130421	2.750471315	1.062231325	1.985538358	0	0	1.646447611	0.032997505	0	3.218375641	0	24.23230347	0	0	8.27503196	48.14918473	1.163624877	2.57607935	0	0.2756497	0	0.6651165	0.377647053	0	1.434170183
IN182	0	0	0	0	0	0	0	0	0	0.473409731	31.05701839	0	2.213067114	64.30553898	0	0	1.950965782	0	0			0	40.09424461	0	6.060484013	53.20885908	0	0	0.636412294	0	0	0	0	0	0	0	0	0	0	0	2.760991929	0	1.931090956	1.966744867	0	0	1.384600779	0.32282577	0	9.751221156	0	49.04647735	0	0	4.531641358	6.568961518	1.649338775	7.139908663	0	0.123936767	0	1.157679686	1.100471746	0	10.56410868
IN183	0	0	0	0	0	0	0.112185235	0	0	2.652956508	7.076917323	0	3.850194432	83.22175401	0	0	2.458181289	0.627811204	0			0	13.48610963	0	3.022983063	77.69802139	0	0	5.032352738	0	0	0	0	0.292960348	0	0	0.114218655	0	0	0.353354182	8.852620808	0.157680808	0.745960657	0.485470316	0	0	2.673688855	1.494567971	0	2.65803973	0	50.52392386	0.146024006	0	6.486423987	15.07835922	1.816072172	3.209900901	0	0.184052937	0	0.375469385	1.366220084	0	3.7455243
IN184	0	0	0	0	0	0	0	0	0	2.57647807	0	0	0	97.42352193	0	0	0	0	0			0	0	0	0	97.42169811	0	0	0	0	0	0	0	0	0	0	0	0	0	2.578301888	1.783344889	0	0.0041864	0.04221958	0	0	0.457606006	0.228931413	0	0.930182219	0	21.19809351	0	0	2.419989965	69.74611788	1.330002824	0.408175061	0	0.062637906	0	0	0.015268574	0	1.373243782
IN189	0	0	0	0	0	0	0.482221562	0	0	1.131282641	11.31407473	0.257896733	0.372732683	86.37194946	0	0	0.020210281	0	0.04963191			0	11.94510891	0.150810745	3.689741386	82.40905801	0	0	0.740277696	0	0.177979174	0	0	0.169279515	0	0.096394244	0.451427044	0	0	0.169923272	2.735611065	0.084117006	0.243660704	2.977220991	0	0.013044174	1.750249563	0.161696807	0	3.331551363	0	48.67944355	0.237760717	0.140767481	12.60303823	19.94830127	1.154625635	1.844488179	0	0.019237782	0	0.394683524	1.67539024	0	2.005111725
IN194	0	0	0	0	0	0	0	0	0	1.313748549	7.680614446	1.177776883	3.987247059	82.28148401	0	0	1.134947216	2.424181837	0			0	10.18046223	0	8.413981112	79.73222621	0	0	1.077613994	0.262161712	0	0	0	0	0	0	0	0	0	0.333554744	5.438102197	0.041775675	0.306904621	4.554553202	0	0.077527997	1.425041	0.34817968	0	3.877711859	0	31.91748084	0	0	9.836196283	29.28369345	1.693470107	5.036613541	0	0.107529558	0	0.556316295	1.169958062	0	4.328945629
IN196	0	0	0	0	0	0	0	0	0	0	19.48525253	0	15.99213356	50.37335446	1.08150685	0	4.431535265	8.636217339	0			0	23.73637946	0	14.31042112	49.48635317	0.314623183	0	4.090238771	7.693767873	0	0	0	0	0	0.368216435	0	0	0	0	9.43607358	0.076465967	0.503450199	0.386096568	0	0	1.816640717	0.043464581	0	6.487749086	0	35.08499551	0.795926011	0	14.59450429	17.08353402	1.654561836	2.994821382	0	0.369443063	0	0	6.671436392	0	2.0008368
IN197	0	0	0	0.298712897	0	0	0	0.234051284	0	2.393006614	11.47425849	0	5.861995127	76.94784071	0.232042266	0	1.151004723	1.407087889	0			0	13.70424535	0	5.963720465	75.95958053	0	0	1.960092871	1.578829099	0.535468685	0	0	0	0	0.002308223	0	0.244478612	0	0.051276165	18.76951057	0	2.44379872	5.755710917	0	0.327473968	3.162325134	1.205754779	0	5.67206218	0	24.52564445	0.007986704	0	10.97788136	8.836933795	2.324234107	4.90382215	0	0.094867254	0	0.769616187	1.461562999	0	8.760814722
IN198	0	0	0	0	0	0	0	0	0	0.850598793	4.152777335	0.086778272	2.529535849	90.57817275	0	0	1.802137001	0	0			0	4.961398531	0	6.145155849	86.30352289	0	0	1.047746712	0.363181267	0	0	0	0	0	0	0.009109346	0	0	1.169885407	6.40283289	0	0.552174246	2.302931872	0.015605096	0.155141647	2.896738632	0.815862615	0	2.866136533	0	45.67774673	0.988187002	0	11.58564577	14.99752004	1.438152718	2.817135516	0	0.251718249	0	1.66056548	0.119138147	0	4.456766821
IN199	0	0	0	0	0	0	0.075163581	0	0	4.180093848	0	0	0	95.74474257	0	0	0	0	0			0	0	0	0	64.52920948	0	0	0	0	0	0	0	0	0	0	0	0	0	35.47079052	5.458246535	0.271857447	0.492647256	0.904534548	0	0.006098969	0.81033942	0.329778687	0	10.92524096	0	33.32020445	0.004288181	0	12.6236702	26.52964014	1.432515318	2.113106523	0	0.328183104	0	0	0.409236669	0	4.040411597
IN200	0	0	0	0	0	0	0	0	0	0.056575608	0.14636434	0	0.865442487	98.84897685	0	0	0.082640711	0	0			0	3.613318344	0	1.57089097	94.29885854	0	0	0.516932141	0	0	0	0	0	0	0	0	0	0	0	0.629946113	0	0.00336742	2.033009387	0	0.013421728	1.514690803	0.01584716	0	3.477796508	0	53.43167975	0	0.001869317	8.637723767	20.39318664	1.300603779	1.63741232	0	0.011621577	0	0.066952167	3.798637205	0	3.032234362
IN206	0	0	0	0	0	0	0	0	0	5.544850015	0	0	0	94.45514998	0	0	0	0	0			0	0	0	0	94.38103732	0	0	0	0	0	0	0	0	0	0	0	0	0	5.618962683	10.01712228	0	3.147691273	2.636853052	0	0	1.719786632	0.371909488	0	5.645846531	0	31.11699958	0	0	18.60283951	17.86489899	1.284986155	3.084087475	0	0.720658478	0	0	0.84775782	0	2.938562744
IN208	0	0	0	0	0	0	0	0	0	0	0	0	0	100	0	0	0	0	0			0	2.365620413	0	0	96.57426179	0	0	0	0	0	0	0	0	0	0	0	0	0	1.060117792	5.027394862	0	0.027233394	3.43554514	0	0	2.466586084	0.028737168	0	11.9943371	0	54.40259821	0	0	13.71153344	3.351913438	0.934989795	2.732709711	0	0.021181754	0	0.249436707	0.009536999	0	1.606266194
IN209	0	0	0	0	0	0	2.767187425	0	0	0	0	0	0	97.23281257	0	0	0	0	0			0	0	0	0	96.90907678	0	0	0	0	0	0	0	0	0	0	3.09092322	0	0	0	5.801698818	0	1.419285487	0.554178537	0	0	0.308667608	0.374159522	0	5.869761487	0	35.02895571	0	0	21.88288822	24.39764498	1.767206239	1.211877864	0	0.007202773	0	0	0.140024655	0	1.236448102
IN212	0	0	0	0	0	0	0	0	0	0.167005288	1.268503254	0	0	98.56449146	0	0	0	0	0			0	0	0	0	99.14257712	0	0	0.857422881	0	0	0	0	0	0	0	0	0	0	0	2.579527756	0	0.519032282	1.780103525	0	0.022733131	1.901603527	0.13697924	0	1.105587818	0.093439355	53.54640427	0	0	7.854970757	24.24759924	1.204452678	1.958766526	0	0.098746197	0	0.24682415	0.421626856	0	2.281602691
IN224	0	0	0	0	0	0	0	0	0	1.109925861	3.014749788	0	2.75488E-05	95.82624685	0	0	0.04904995	0	0			0	1.781980633	0	2.401646312	94.9604447	0	0	0	0	0	0	0	0	0	0	0	0	0	0.855928351	1.503861139	0	0.078931357	0.270488163	0	0	1.497129392	0	0	9.555046497	0	31.37701873	0	0	7.598489088	38.80096918	0.945642087	1.831254051	0	0.005719215	0	0	0.043216403	0	6.492234703
IN225	0	0	0	0	0	0	0	0	0	1.289461625	0	0	0	98.71053837	0	0	0	0	0			0	0	0	0	98.42785674	0	0	0	0	0	0	0	0	0	0	0.403401659	0	0	1.168741601	3.104517485	0.026756997	0.257903678	0.520634574	0	0	0.406928993	0.013921342	0	4.431335504	0	39.74053013	0.795238426	0	16.82186039	28.27725254	1.226585451	1.642539901	0	0.179286424	0	0.344732388	0.327935627	0	1.882040145
IN226	0	0	0	0	0	0	0	0	0	0	0	0	0	100	0	0	0	0	0			0	0	0	0	100	0	0	0	0	0	0	0	0	0	0	0	0	0	0	3.290867024	0	0.048865132	1.569538013	0	0	1.578241493	0	0	5.250943262	0	17.3757835	0	0	6.080238858	55.83561537	0.219760079	3.60418436	0	0	0	0	0	0	5.14596291
IN228	0	0	0	0	0	0	0	0	0	1.494212674	0	0	0	98.50578733	0	0	0	0	0			0	1.957521248	0	0	97.22296181	0	0	0	0	0	0	0	0	0	0	0	0	0	0.819516938	1.585050784	0.394610278	0.196320691	1.428985061	0	0	1.494062507	0.064738892	0	6.442599827	0	52.58677413	0.033490423	0	9.686273371	18.64896705	1.198288016	1.802571062	0	0	0	0	0.097529311	0	4.339738602
IN233	0	0	0	0	0	0	0	0	0	12.43462599	3.318032385	0	0	81.6525405	0	0	2.594801128	0	0			0	8.867697303	0	5.281158115	84.70402841	0	0	1.147116171	0	0	0	0	0	0	0	0	0	0	0	24.50527337	0	1.503763744	9.532959727	0	0.019828706	2.296010947	0.79506867	0	2.893347829	0	13.5427401	0	0	7.643164163	20.77737473	1.236504886	6.167060114	0	0.301309564	0	2.796764277	0.274263014	0	5.714566165
IN234	0	0	0	0	0	0	0	0.163137806	0	0	15.40255832	0	7.988876077	64.58452589	0.6718261	0	8.450048341	2.739027471	0			0	13.73591436	0	13.85305812	64.4356871	0	0	3.963304134	1.966979217	0	0	0	0	0	0	0	0.164185245	0	1.880871823	6.795314202	0	0.325755604	0.737160444	0	0.158893823	4.265216882	0.223123279	0	5.402299346	1.600368046	43.46343904	0	0	5.274032407	24.92092717	1.335305466	2.872946848	0	0.001494961	0	0	0.165696106	0	2.458026372
IN235	0	0	0	0.902454814	0	0	0.10989136	0.025067554	0	0.328551381	16.20151262	0	13.75693107	67.86732772	0.030451466	0.018471619	0.55846257	0.200877817	0			0	8.746942697	0	18.44152501	67.97122841	0.030911085	0	1.872646409	0.724167896	0	0	0	0.790216907	0	0.012496922	0	0.025445911	0	1.384418756	5.758960562	0	1.174971487	2.0346292	0	0.094299761	3.742403746	0.907700562	0	3.366711986	0	68.381226	0.316424	0	1.861911785	6.619818655	0.904635126	2.92618922	0	0	0	0	0.020688964	0	1.889428942
IN236	0	0	0	0	0.420996751	0	0	0	0	0.243273104	15.33847411	0.149679543	2.834396734	79.208067	0	0	1.465160503	0.339952249	0			0	17.67742281	0	5.429446616	72.42603379	0	0	3.593583583	0.856056496	0	0	0	0	0	0	0	0	0	0.017456706	3.676998885	0	1.233717447	1.303030448	0	0.010752813	2.953881335	0.592301416	0	2.382634685	0	61.92563708	0.154564501	0	4.200586099	15.53560747	1.487395604	1.7921604	0	0.092093554	0	0.129769599	0.234884322	0	2.293984343
IN237	0	0	0	0	0	0	0	0	0	1.277230248	7.836381366	0	5.071965243	84.54454314	0	0	1.26988	0	0			0	10.64334945	0.620359844	2.398684155	80.26239817	0	0	1.77565901	4.29954937	0	0	0	0	0	0	0	0	0	0	2.787298613	0	0.207502107	0.133925963	0	0.047369209	1.161374339	0.355340055	0	5.481673757	0	41.0443573	0	0.31166167	9.170247254	33.71817616	1.558358994	1.819946554	0	0.069201243	0	0	1.422270604	0	0.71129618
IN243	0	0.0360887	0	0	0	0	0.240790958	0	0	7.744262441	5.679430953	0	0.457518952	84.06542334	0	0	0.95634496	0.820139693	0			0	6.316638023	0.23104812	2.780115432	89.49016973	0	0	0.708807961	0	0	0.039446224	0	0	0	0	0.221995623	0	0	0.211778892	7.262777848	0	1.972345381	2.871966951	0	0.01744158	2.826562026	0.646442259	0	8.828907418	0.019355841	37.42368023	0.218839306	0	15.73805352	12.71679282	1.10559474	3.475143867	0	0.06592174	0	0	1.463941998	0	3.346232482
IN245	0	0	0	0	0	0	0	0	0	21.81004765	0	0	0	78.18995235	0	0	0	0	0			0	0	0	0	80.33069391	0	0	0	0	0	0	0	0	0	0	0	0	0	19.66930609	0.061455427	0	0	0	0	0	0.426538839	0	0	17.19400585	0	21.8714888	0	0	11.57754629	43.89187919	1.279748493	0.450676761	0	0.18337839	0	0	0.004892356	0	3.058389604
IN248	0	0	0	0	0	0	0	0	0	0	16.83385768	0	6.571385154	61.87827398	0	0	2.934284337	11.78219886	0			0	18.76163188	0	18.04614981	51.94956603	0	0	3.831502061	7.411150225	0	0	0	0	0	0	0	0	0	0	0	0	0	0.442489365	0	0	1.973001983	0	0	6.903822029	0	48.98210114	1.147410764	0	10.96991118	19.88316163	1.450362616	0.400758384	0	0	0	0	6.482187401	0	1.364793501
IN249	0	0	0	0	0	0	0	0	0	0	3.002795951	0	2.33353913	94.66366492	0	0	0	0	0			0	5.673763354	0	0.939743054	89.79067069	0	0	1.902898116	0	0	0	0	0	0	0	0	0	0	1.69292479	1.53259787	0	0.125950382	0.101625453	0	0.030204518	2.13247631	0.057259662	0	2.011385598	0	51.52987495	0	0	11.25259307	24.17978566	1.040596139	3.812713655	0	0	0	0	0.35451224	0	1.838424486
IN250	0	0.005623767	0	0	0	0	0.158652846	0	0	1.442461999	10.12870204	0	8.410805449	77.4589748	0	0.088566531	1.48758759	0.813224525	0.005400458			0	14.37088312	0.032639378	9.470842871	72.91215684	0.07995394	0	2.109162864	0.237259393	0.005470208	0.005696401	0	0	0	0.038462438	0.04255428	0	0	0.694918271	2.167189235	0.301444746	0.446257921	0.820943744	0	0.032850967	2.719526459	0.257864529	0	4.133429795	0	51.89918314	1.104933147	0.201933605	9.131816726	19.51718007	1.09609751	1.837906456	8.15399E-05	0.025395896	0.058614206	0.028428041	1.77224983	0	2.446672435
IN256	0	0	0	0	0	0	0	0	0	0.787297689	27.51014194	0	18.54481899	43.05948709	0	0	4.957949656	5.140304633	0			0	27.93498688	0	24.1077139	22.82378965	0	0	14.38947324	10.74403634	0	0	0	0	0	0	0	0	0	0	0.158866301	0	0.81315147	0.670220525	0	0	0.531646735	0	0	4.903582615	0	25.98709396	0	0.000778598	4.454617778	30.75592757	2.946453919	0.519244612	0	0	0	0.173121885	3.449894975	0	24.63539905
IN257	0	0	0	0	0	0.014399617	0.172135046	0	0	0.139194431	14.02838402	0	6.239686464	75.06814339	0	0	3.298171042	1.039885993	0			0	18.69290815	0	8.276353509	66.68756145	0	0	4.53450997	0	0	0	0	0	0	0	0.126664366	0	0	1.682002551	3.310368159	0	0.474421701	0.506403974	0	0	3.375139775	0.271071549	0	6.461455695	0	40.71660276	0.112291147	0	10.29644403	25.88233274	1.608041603	1.748274267	0	0.093415288	0	0.349563006	0.12232958	0	4.671844726
IN260	0	0	0	0	0	0	0	0	0	1.948812793	25.39866959	0	14.25628737	50.6141127	0	0	4.197120799	3.58499675	0			0	45.53586249	0	9.560894122	36.71057169	0	0	8.192671694	0	0	0	0	0	0	0	0	0	0	0	11.45387073	0	3.072400224	11.52495307	0	0.289137506	2.095368042	3.379262657	0	9.633567217	0	17.5823795	0.015117692	1.376033007	9.304714772	6.511417911	2.808058556	5.301079949	0	0.581529308	0	1.807295122	2.461779746	0	10.80203499
IN263	0	0	0	0.163592688	0.034417908	0	0.070650629	0.018231366	0	1.958122767	11.85549912	0.432769065	10.65182979	70.50184644	0	0.150578578	2.676261194	1.377579387	0.108621063			0	11.94056626	0.225775177	11.32984751	70.88329489	0	0	3.840188162	0.806142621	0	0	0	0.114054389	0	0.000506712	0.227215587	0	0	0.632408696	2.152678463	0.124331944	0.779952658	0.814989406	0	0.037970495	2.729657906	0.217122001	0	3.222490844	0	52.75326449	0.313655217	0.629614835	6.846497792	19.91019589	1.184243037	1.673145361	0	0.041183739	0	0.385336382	0.349093039	0	5.834576501
IN264	0	0	0	0	4.363690995	0	0	0.036491538	0.766987199	0.738484732	16.26385826	0.394097277	16.6135769	55.05361011	0	0	5.303674826	0.465528165	0			0	16.77739585	0.465267452	17.63669727	53.54732699	0	0.001760404	3.464165398	5.038289663	0	0	0	0	1.324503383	0.024974483	0.9200207	0	0.799598402	0	9.649933241	0	1.305169714	1.483153287	0	0.068153291	4.262675555	0.311327307	0	3.408703621	0	55.3067475	1.026369829	0	4.582163699	11.38220996	1.525615593	2.899588756	0	0.125238864	0	0.915199514	0.51209028	0	1.235659984
IN265	0	0.075821528	0	0	0.159142222	0	0	0	0	0.133923423	15.63757001	0	6.264198492	72.90742376	0	0	4.52868509	0.293235481	0			0	14.99104127	0	6.713653191	74.82533801	0	0	2.826180916	0.279392242	0	0.070807727	0	0	0	0	0.289895921	0	0	0.003690727	2.345652151	0	0.480196587	0.809695048	0	0.015262481	2.241362121	0.175928057	0	3.54514252	0.039497793	62.15660684	0.11869102	0	10.12996217	12.64949574	1.441355097	1.461931269	0	0.016256101	0	0.193282231	0.527844227	0	1.651838538
IN271	0	0	0	0	0	0	0	0	0	0.098560155	12.08266298	0	3.404352707	82.74033639	0	0	1.674087759	0	0			0	14.0433368	0	5.537716259	78.34855017	0	0	1.856096803	0.02176494	0	0	0	0	0	0.192535024	0	0	0	0	0.119184517	0	0	0.056863514	0	0	0.470527382	0	0	2.588272631	0	76.8209952	0.062694751	0	9.410103243	7.216501381	0.914817742	0.741036925	0	0	0	0	0.156479265	0	1.442523453
IN272	0	0.647696169	0	0	1.317709475	0	0.077271467	0	0	0.834829818	12.47991564	0.343031959	13.20652829	68.60578089	0.18132245	0	0.781641015	1.524272824	0			0	15.48429042	0.056923675	14.62669751	62.24993053	0.042624791	0	2.473814046	1.153040971	0.148466608	0.657321309	0	0	3.056132292	0	0	0	0	0.050757849	4.201825234	0	6.148845565	1.178575765	0	0.12833305	2.206812227	0.224134849	0	2.750953298	0	55.33844685	0.093110432	0	9.141662556	13.09640544	0.957358608	1.985163055	0	0.018640999	0	0.26024707	0.512545671	0	1.756939326
IN273	0	0	0	0.738088141	0.169799709	0	0.006315102	0	0	1.904341728	19.9764373	0.311388472	10.4260056	60.81716398	0	0	4.489422178	1.161037786	0			0	18.61533017	0	14.65746729	58.15971371	0.688652976	0	2.911042661	4.646761652	0	0	0	0	0.019092557	0	0.118187212	0	0	0.18375176	4.710361452	0	0.613651133	2.534667002	0	0.024317074	2.835607209	1.27000497	0	2.990603752	0	51.2056252	0.045572941	1.543697596	13.81547392	6.816323549	1.413557502	2.929265197	0	0.188682748	0	0.747137964	5.516799292	0	0.798651503
IN280	0	0.075294033	0	0.011216077	0.180195483	0.008283743	0.141327652	0	0	1.36501831	13.96349507	0.315157725	19.87025936	58.3905189	0.001101416	0.330413149	2.779462501	2.568256578	0			0	16.42760874	0.037048763	21.27438746	55.05705901	0	0.181095572	3.540417214	2.504326848	0	0.078086226	0	0	0.60270478	0	0.000377468	0	0	0.296887925	2.594563878	0.295623171	0.320570743	1.116678203	0	0.024550936	2.868996125	0.105056599	0	4.11340051	0	56.22998736	0.034442629	0.118815241	7.936307433	17.61551326	1.013659032	2.05100435	0	0.023687697	0	0.598966063	1.609072735	0	1.329104033
IN286	0	0	0	0.151938638	2.164122004	0.002107074	0.052627014	0.176149346	0	0.196206687	20.39899336	2.910305217	23.89516703	37.92506354	0.22439941	0.038575762	2.994517501	8.869827415	0			0	21.62853248	1.079414295	28.21514361	35.47709412	0.056856225	0.077260263	4.174375503	5.60806129	0.038355617	0	0	0.168577774	1.850230932	0.003845433	1.27596938	0.246060028	0	0.100223044	4.204108057	0.268274086	0.441401542	1.453879382	0	0.040449296	2.803198484	0.522791053	0	2.457481025	0.031492475	54.65471391	0.50631551	0.009481873	5.969998841	20.84892968	0.981540467	2.737505188	0	0.153000801	0.049371181	0.147599901	0.461818897	0	1.256648346
IN296	0	0	0	0.353156885	1.848468894	0.722743702	0.323892641	0	0	3.182894982	16.61169686	7.343406377	32.83903439	12.76258651	0	4.002185565	0.172366577	19.83756662	0			0	11.26813046	3.538118066	48.07915786	12.39032827	0.01827719	0	1.040162575	17.65820798	0	0	0	0.581429931	2.537940536	0.04588046	0	1.360407634	0	1.481959047	6.69788479	1.641239742	0.859491282	7.518989421	0	0.238801258	1.168299785	0.255011526	0	3.526759382	0	26.40195022	0	0	9.768600123	18.82756203	2.942785858	4.818129356	0	0.056976849	0	3.2825781	0.025818243	0	11.96912203
IN297	0	0.427597524	0	0	2.686049559	0	0.039102431	0	0	1.103736448	17.09954055	4.607911699	25.57701805	36.86064358	0	0.402335436	2.225960722	8.970103998	0			0	17.77472968	2.242195376	29.70667161	36.81467507	0	0.266848756	1.325909737	8.470968414	0.059313548	0.211654154	0	0	2.595876777	0	0.247920213	0	0	0.283236662	3.403168466	0	0.916376738	1.12743688	0	0.031956981	2.771320852	0.332943962	0	3.110649266	0	66.29912888	0	0.004187468	6.273840505	4.555358012	1.344298336	2.843015111	0	0.105656741	0.273719261	0.308759783	0.235538442	0	6.062644317
IN301	0	0.145128576	0	0.000732639	2.965603463	0.07535529	0.018562187	0.082069999	0	0.242931423	13.6838784	1.811526287	20.64262146	54.35649966	0.124327313	0.233823944	1.306522524	4.310416836	0			0	14.99785774	0.864658483	23.56433821	52.4947645	0.18867149	0.501276507	1.614702458	3.32748117	0	0.107197808	0	0.053195821	1.762550991	4.37237E-06	0.108196808	0.077688114	0	0.337415528	3.995701957	0.047403675	0.47880541	1.349374706	0	0.103001622	3.316321929	0.462793862	0	3.718539586	0	63.28857466	0	0.000307177	5.751453414	11.83282319	0.937624468	3.21234075	0	0.027634324	0	0.142010582	0.091623224	0.000141442	1.243524025
IN307	0	0	0	0	3.485049576	0	0.008031194	0.001120943	0	0.543525863	16.55126526	5.345888651	23.75033299	37.79784863	0	0.159445495	2.191610988	10.12879581	0.0370846			0	17.93576798	2.351763779	29.62960145	37.09516012	0	0.004444643	1.957509079	8.432142642	0.067425213	0	0	0.103258466	2.247648385	0.008419021	0.065745173	0.013507671	0	0.087606384	2.007831662	0	0.095153573	0.548825989	0	0.005242605	2.982267456	0.037891417	0	3.041418058	0	69.17399248	0.003685998	0	8.336081277	8.475518528	0.762780554	2.376505645	0	0.030915406	0.271631171	0.676467118	0.241106626	0	0.932684433
IN339	0	0	0	0	3.417623698	0	0.084897709	0	0	0.098056064	11.0091072	3.102747826	21.73366626	50.53052394	0	0	4.192121417	5.831255887	0			0	14.31104339	1.40992197	17.99540758	48.37996579	0	0.144300298	3.871833947	11.78230265	0	0	0	0	1.752419424	0	0.061138429	0	0	0.291666528	4.283842197	0.324064855	0.655931711	1.725357437	0	0.031017997	2.881624514	0.222378504	0	5.217170636	0	44.40249714	0.378412579	0	10.95241656	19.4929703	1.301310611	2.703961802	0	0.081054683	0	0.727632655	0.526006672	0	4.092349148
IN341	0	0	0	0	1.220202034	0	0.349577297	0	0	0.533439517	15.55029497	2.020793653	19.40596474	43.08239268	0	1.863274382	0.621888331	15.3521724	0			0	28.17058448	1.344213353	16.89169272	40.59592371	0.34516257	0	0.682756411	11.61150509	0	0	0	0	0	0	0.05033166	0	0	0.307829999	2.511736952	0.612864741	0.124772569	0.422729915	0	0.053692813	6.013115169	0.528245392	0	3.106547863	0	50.06072658	0	0	4.437320473	24.20165141	1.260780734	3.177171579	0	0.016320947	0	0.142728977	0.084786287	0	3.244807606
IN343	0	0	0	0	0	0	0.012532661	0	0	2.946698236	6.061939188	0.0496479	2.282296569	86.86337657	0	0	1.783508878	0	0			0	4.918293643	0	5.203059888	85.91143324	0	0	1.017474161	0	0	0	0	0	0	0	1.322104768	0	0	1.627634303	1.830921659	0.189801526	0.339307409	0.937446147	0	0	0.982705077	0.504033034	0	4.574908615	0	38.73464527	0	0.002440873	15.66044219	17.40609455	2.385694333	2.403480195	0	0.085467408	0.22158554	0.089101985	1.368131693	0	12.2837925
IN348	0	0	0	0.22098153	3.33291729	0.000452192	0.647800878	1.919596655	0	1.708983508	16.30885855	7.927890492	18.03852647	39.37937422	0.150567699	0	5.035229252	5.328821263	0			0	14.45194365	5.145563635	20.90314752	42.15764625	0.52385312	0	4.390599881	3.48666858	0.325368782	0	0	0.313773697	2.774779136	0.000432608	2.701771507	1.98360809	0.074491026	0.766352506	5.005829802	0.070223453	1.747958676	2.461186239	0.000277479	0.058004227	1.873742848	0.485752548	0	2.975188914	0	30.95395612	0	0	6.908048404	33.44479232	1.224444792	3.075952898	0	0.233655637	0	0.376927532	0.241081105	0	8.862977002
IN349	0	0	0	0	0	0	0.211628394	0	0	1.262425109	10.21649885	3.356522902	14.49313337	65.28637017	0	0	2.645644422	2.527776795	0			0	22.57848349	1.25305522	10.65971764	61.94799697	0	0	1.900819082	0.584386369	0	0	0	0	0	0	0	0	0	1.075541233	3.477227992	0	0.860422383	0.770581015	0	0.111873028	3.010664857	0.239387797	0	2.294333477	0	38.46284739	2.794076397	1.325408315	4.275973365	19.68890115	0.863952788	2.206858834	0	0.239001792	0	0	0.404023137	0	18.97446628
IN350	0	0	0	0	0	0	0	0	0	19.62283291	0	0	0	80.37716709	0	0	0	0	0			0	0	0	0	89.69520668	0	0	0	0	0	0	0	0	0	0	0	0	0	10.30479332	1.696343006	0	0.676074835	1.328247675	0	0	0.605851867	0.201790261	0	2.846007946	0	46.7572686	0.026151695	0	12.40665976	25.38101731	1.301245038	2.200499623	0	0.493869915	0	0	0.048301078	0	4.030671404
IN355	0	0	0	0	0	0	0	0	0	21.23485681	0	0	0	78.76514319	0	0	0	0	0			0	0	0	0	84.11285783	0	0	0	0	0	0	0	0	0	0	0	0	0	15.88714217	7.18918927	0	0.855030007	1.804533201	0	0.161018367	1.800906816	0.160691942	0	4.423480576	0	42.39418656	0	0	12.22991162	19.97095177	1.345253217	3.919225365	0	0.20284354	0	0	0.164392614	0	3.378385144
IN357	0	0	0	0	0	0	0	0	0	2.607974672	26.84020034	0	1.199379121	64.94500716	0	0	4.407438712	0	0			0	20.47943841	0	4.253752767	66.44042366	0	0	8.005893786	0	0.820491375	0	0	0	0	0	0	0	0	0	17.36287347	0	3.350374885	2.513263138	0	1.289737102	2.316173137	1.547053345	0	2.136229568	0	35.62504961	0.783376881	0.493955884	1.907111726	11.9986827	0.858257248	4.965266604	0	0.929757444	0	2.027784495	4.484639229	0	5.410413532
IN359	0	0	0	0	0	0	0	0	0	1.042160451	2.191479932	0	0.289715793	95.77857647	0	0	0.698067356	0	0			0	1.736457424	0	1.115266445	92.12673253	0	0	3.63964138	0	0.005111101	0	0	0	0.086090338	0.096072587	0.040756302	0	0	1.153871892	7.26699333	0.165817795	0.399545516	0.745358628	0	0.028548431	2.689394194	0.473069082	0	3.809411056	0.000608922	39.46067122	0	0	7.78281993	27.89337722	1.453712976	2.765081113	0	0.157251814	0	0.262985175	0.225448783	0	4.41990482
IN363	0	0.022372029	0	0.006547397	0	0	0.386976868	0.039322841	0	2.344448676	5.925519689	0.512158951	4.962167288	83.84471868	0.25553477	0	1.700232807	0	0			0	7.021607005	0.049552497	4.117477501	83.41117066	0	0	3.388961377	0.425133109	0.132299177	0.003458195	0	0	0	0	0.162128289	0.041153554	0	1.247058635	4.616637842	0.232472316	1.373838559	0.770555395	0	0.056583426	1.953604694	0.360970955	0	3.414224935	0	50.39814313	1.630436019	0.993049677	7.25841056	20.87851395	1.140835404	2.234303831	0	0.152907258	0	0.316711568	0.261606763	0	1.956193722
IN377	0	0.003009138	0	0	0	0	0.473401313	0.035986425	0	1.613911939	14.30015063	0.662334931	15.97332143	61.87505629	0	0.490063697	3.464499369	1.108264842	0			0	13.94540647	0.521472383	16.79180066	60.3946276	0	0	4.479081077	2.331487844	0	0	0	0	0.584400585	0	0.14668919	0	0	0.805034198	2.725487344	0.083847176	0.261569584	0.965868127	0	0.064722604	3.397619402	0.119050893	0	3.985988477	0	54.98056985	1.20741817	1.274267798	4.900797607	17.81315973	1.174145856	2.531878185	0	0.030209958	0	0.059415465	3.293655376	0	1.130328399
IN386	0	0	0	0	0	0	0	0	0	6.639029826	0.174280473	0	0	93.1866897	0	0	0	0	0			0	0.371209306	0	0	99.62879069	0	0	0	0	0	0	0	0	0	0	0	0	0	0	11.53002463	0.103788242	1.986710812	4.632083489	0	0.157574061	2.667529286	1.343151207	0	3.811399931	0	35.96156064	0	0.000526969	8.07828536	11.20738221	1.451853326	6.205262082	0	0.418098964	0	1.76500325	0.122293623	0	8.557471919
IN387	0	0	0	0	0	0	0.148245505	0	0	13.12223644	1.153874263	0	0.688093917	84.41589595	0	0	0.471653919	0	0			0	2.550992722	0	0.605527284	83.79169934	0	0	0.02390599	0	0	0	0	0	0	0	0.212759758	0	0	12.8151149	2.895730556	0.233999961	1.362690147	0.609896961	0	0	1.330285507	0.38344772	0	2.789568516	0.174411127	46.89567964	1.031814283	0.11660578	15.25718209	19.44787202	1.279131857	2.383344309	0	0.170805354	0	0.032545022	1.068309656	0	2.536679489
IN389	0	0	0.015065284	0	1.516854238	0	0.450662334	0	0	1.331822273	12.37930685	4.151600756	12.6411034	64.89853116	0	0	1.035584475	1.579469229	0			0	12.02055921	0.631769206	10.70943396	63.56699143	0	0	4.039968398	4.260195833	0	0	0.668734859	0	2.696056555	0	0.008841709	0.015341643	0	1.382107196	7.949263389	0	3.188159216	3.153993324	0	0.143636041	2.044230561	1.467352607	0	3.082420597	0	32.95325309	0	0	7.119057869	23.09474539	1.39592795	4.174156721	0	0.374796519	0	1.029964311	0.33456058	0	8.494481831
IN394	0	0	0	0	0	0	0	0	0	1.039055853	0.029103799	0	0	98.93184035	0	0	0	0	0			0	0.110574963	0	0	99.13910972	0	0	0.750315312	0	0	0	0	0	0	0	0	0	0	0	3.573258221	0	0.723900255	1.910443134	0	0.046034807	2.547639352	0.512217249	0	2.72150776	0	51.08674946	0	0	4.923873284	20.46531243	1.215604319	5.197850387	0	0.113055628	0	0.083227701	0.229237385	0	4.650088623
IN398	0	0.147276139	0	0	3.617104737	0.132591611	0	1.994559338	0	3.188206987	21.03367602	5.108195859	29.32396885	16.92774928	1.774222215	0	0.528406554	16.22404241	0			0	25.26130482	0.887321154	38.44833446	16.71765627	0	0	2.022018537	10.92636233	0	0.424966541	0	0.147901857	2.951657241	0.13734293	0.71135703	1.311132973	0	0.052643856	9.088054937	1.432334688	1.114829306	6.708231276	0	0.3362777	2.417951107	0.88412934	0	4.712049123	0.002736907	32.36082921	0	0	5.998547696	18.20660358	1.455252996	5.109089385	0	0.445567531	0	2.542768256	0.189407251	0	6.995339712
IN400	0	0	0	0	2.638774806	0	0	4.105267586	0	0	12.5531864	1.780200367	38.1652226	30.61616198	0	0	6.419136918	3.722049348	0			0	18.77623835	4.707360408	28.32474121	27.03949677	0.951373702	0.759554883	3.481947637	8.123477478	0	0	0	0	0.835360154	0	0	3.710813898	0	3.289635513	2.924239916	0.217971151	1.087370065	10.43759008	0	0.105339587	1.290608898	0.415671757	0	1.506047885	0	31.56966017	0	0	6.901977341	30.91103733	2.213890808	2.641390323	0	0.180165116	0	0.874951685	0.0375441	0	6.684543781
IN402	0	0	0	0	3.65302018	0	0	0	0	0	12.94053272	2.244756812	17.66149414	56.80595744	0	0	2.845836741	3.848401977	0			0	11.66466845	1.521111678	23.7468054	54.33556881	0	0.279931734	2.678477416	2.65305382	0	0	0	0.15194643	0.753565731	0	0.876175129	0	0	1.338695395	2.837628153	0.080553528	0.342067817	0.276833623	0.067413798	0.271662864	1.688557154	0.147401866	0	4.215613902	0	58.13107748	0	0	5.481567282	22.15960923	0.907457098	2.042000563	0	0.016232107	0	0.458946922	0.113485252	0	0.761891362
IN403	0	0	0	0	1.21765268	0.023895307	0.047662635	0	0	1.55133235	14.06646541	1.68253102	18.97484414	55.06451479	0	0.099827505	0.980497049	6.290777111	0			0	14.57849166	1.026225348	21.75363132	54.34899606	0	0.151615806	1.747308556	4.761824828	0.260342568	0	0	0	0.367373896	0.02472789	0.795986054	0	0	0.183476013	4.3435357	0.125144988	0.383911761	2.249124088	0	0.027845646	3.444898158	0.2462663	0	4.178556784	0.124112376	50.87335772	0	0	10.37117245	16.92563218	0.836416645	4.170495732	0	0.042348913	0	0.04209415	0.168260529	0	1.446825877
IN408	0	0	0	0	1.671328014	0	0.146771238	0	0	0.966556591	21.69038678	1.784971684	13.84395311	57.56389388	0	0	0.585892666	1.746246038	0			0	15.86467228	0	9.398915662	62.09088597	0	0	4.052408916	8.238499349	0	0	0	0	0.35461782	0	0	0	0	0	2.879366694	0.34376064	0.550738727	0.832688719	0	0.024175853	0.667058306	0.893140914	0	4.990527965	0	11.12897498	0	0	8.433784891	36.25257078	2.682015211	0.951436832	0	0.149013944	0	0	1.429476244	0	27.7912693
IN411	0	0	0	0	0	0	0	0	0	13.35432227	0	0.11019667	0	86.53548106	0	0	0	0	0			0	0	0.091938627	0	87.5556112	0	0	0	0	0	0	0	0	0	0	0	0	0	12.35245018	4.349671353	0.109631425	0.86871221	2.08020899	0	0.077315706	1.836832351	0.490068377	0.014263491	6.817816243	0.005647071	36.67721933	0.011752417	0.02414683	16.22823634	20.60663918	1.155011588	3.903811514	0	0.346029327	0	0.445162898	0.343156205	0	3.608667146
IN420	0	0	0	0	0	0	0	0	0	2.513919644	28.63612117	0	7.764741571	56.57215816	0	0	4.513059455	0	0			0	17.90737014	0	15.44793287	54.70260401	0	0	6.441862414	0	4.013630493	0	0	0	0	0	0	0	0	1.486600063	6.429750338	0.290295106	1.74988372	4.497824932	0.142900451	0	0.523807866	0.849129802	0	3.63131343	0	15.09968631	0.001789703	0.229546049	5.483284987	32.8241137	2.356386249	5.457929692	0	0.372011932	0	0.832983825	6.407017587	0	12.82034432
IN421	0	0	0	0	0	0	0	0	0	1.004209394	0	0	0	98.99579061	0	0	0	0	0			0	0	0	0	100	0	0	0	0	0	0	0	0	0	0	0	0	0	0	1.69817996	0	0.190771003	1.235293472	0	0	0.662460809	0.003184266	0	1.844383717	0	41.75745757	0	0	2.232531171	30.40828772	1.795038668	3.488861145	0	0.052528048	0	0	0.453572188	0	14.17745025
IN422	0	0	0	0	0	0	0	0	0.26597093	9.8476714	1.13082177	0	0	88.7555359	0	0	0	0	0			0	0	0	1.159921266	89.55182637	0	0	0	0	0	0	0	0	0	0	0	0	0.347193922	8.941058442	3.209619325	0	0.907884755	0.718582555	0	0.026685787	0.880627488	0.606582049	0	3.804739213	0	28.61086626	0	0.036775042	11.34810441	41.14587634	1.438870335	3.222908615	0	0.097153034	0	0.058296976	1.236244887	0	2.65018292
IN432	0	0.033737034	0	0.100757832	0	0	0.011056762	0.095795995	0	1.316380179	12.6466286	0.366432766	7.234858527	76.30628902	0.061655956	0	1.6173658	0.209041527	0			0	14.14835265	0	8.373873716	71.96030461	0	0	4.060097917	0.35495603	0.05464871	0.058018748	0	0.122065966	0	0	0.127792099	0.036154991	0	0.703734567	2.446730859	0.073300056	0.882733495	1.812591326	0	0.073404491	1.87582209	0.072803463	0	3.836341402	0	51.44456312	0.089412438	0	10.53874101	18.51838468	1.281880677	2.402072851	0	0.07841916	0	0.279867603	0.735818241	0	3.55711304
IN435	0	0	0	0	0	0	0	0	0	0.703202394	4.227934132	0.067712317	1.854295547	89.29849355	0.021399122	0	3.504742441	0.322220493	0			0	4.899975551	0.116999212	2.899787425	85.44503398	0	0	5.860462867	0	0	0	0	0	0	0	0	0	0	0.777740963	4.507956755	0	0.578089137	2.062826342	0	0.082266655	2.375577649	0.807843327	0	2.901993204	0.04541024	36.9205346	0.192980251	0	7.375570586	32.35564839	1.585048321	4.219795289	0	0.073588493	0	0.240885916	0.901011524	0	2.772973319
IN443	0	0	0	0	0	0	0	0	0	0.603724957	14.54204877	0.68022162	13.69379856	63.62683606	0	0	2.8843005	3.969069533	0			0	18.64814939	0.472338516	14.29061865	57.92333989	0	0.128616832	4.431415309	2.281300091	0	0	0	0	0.182140923	0	1.269669135	0	0	0.372411267	2.373220984	0	0.671285306	1.174222077	0	0.028567144	2.439610259	0.158933282	0	3.5276548	0	46.92809732	0.074467462	0.067801425	7.443006744	27.33169253	1.402395873	1.839986148	0	0.066261606	0	0.295128186	0.677058308	0	3.500610552
IN451	0	0	0	0	0	0	0	0.002988537	0	1.097409849	9.860202942	0.027214662	7.369546597	79.74820024	0	0	1.894437171	0	0			0	10.38878347	0.65598864	9.255405971	75.62548994	0	0	2.913553243	0.72089867	0	0	0	0.14711056	0	0	0	0	0	0.292769509	3.944539579	0.014418432	1.110450654	1.132854632	0	0.01295651	2.928941361	0.095500091	0	2.433702342	0.00546882	51.13457981	0.281860602	0	9.158664729	20.80283743	1.087195694	2.660358522	0	0.16235293	0	0.895108746	0.755002272	0	1.383206841
IN464	0	0.017247963	0	0	2.184110003	0	0.147283417	0	0	0.744624968	12.09965061	4.300081679	21.58191815	43.06643302	0	0.296656634	2.106505056	13.4554885	0			0	14.06524291	1.090851328	24.23588707	41.06231427	0	0.112324294	2.268993538	15.1684148	0.020412867	0.017053703	0	0	0.580726853	0.14746449	0.528475248	0	0	0.701838633	7.535091829	0.213038632	0.802495933	1.690856829	0	0.073614692	2.828881433	0.603513203	0	4.541633459	0.000130292	44.38317773	0.010239737	0	6.022659541	23.1411368	1.017764445	4.508895799	0	0.063925288	0.223838592	0.16756609	0.206543202	0	1.964996472
IN472	0	0	0	0.09901052	0.534771428	0.075805496	0.114535238	0.000144693	0	0.346509483	2.7810624	6.460573494	22.97096963	16.99760783	0.181999531	0	0.415423777	49.02158647	0			0	2.806179521	2.53357398	29.38571086	16.5690786	1.434684242	0.262283616	0.232307654	44.18385511	0.411479336	0	0	0.124223808	1.612262039	0.17018902	0.262827963	0	0	0.011344254	2.760407677	0.091304188	1.987464011	1.644597889	0	0.035093904	3.113957315	0.248761835	0	4.644570076	0	51.28557281	0	0	6.434673709	17.39343155	1.565883432	2.832138265	0	0.143096248	0	0	1.100939267	0	4.718107829
IN479	0	0	0	0.231459159	1.022590254	0	0.005178887	0.000536288	0	1.074510921	5.404731986	4.854188405	20.95646396	20.06508237	0.722312752	0.391017083	1.526610222	43.74531771	0			0	6.356712634	2.156427404	29.88553061	18.15012298	2.399277997	0	0.57755649	38.16920344	0.031273863	0	0	0.536424514	0.940352769	0.031055303	0.004374783	0	0	0.761687214	1.477747662	0	4.294713551	0.954547569	0	0	1.433320202	0.100383545	0	5.175921692	0	57.47549141	0	0	6.777299463	5.515874386	1.274189401	2.735894198	0	0.088365765	0	0.34045778	1.961482223	0	10.39431115
IN480	0	0.121730611	0	0.08469003	1.581417721	0	0	0	0	1.68413816	15.0695573	3.608600068	21.43797316	46.66217477	0.054361085	0.227155703	2.113680143	7.354521243	0			0	16.75488982	0.630519631	25.32375791	45.16247944	0	0.124368738	2.605875925	7.805677497	0.127407101	0.135856511	0	0	1.168441575	0.051578085	0	0	0	0.109147771	3.308838096	0.003683767	2.591050953	3.252812094	0	0.124605838	4.188686425	0.34129579	0	3.465975389	0	62.23385851	0	0.003232443	5.951343335	3.727803051	1.0253096	3.94208894	0	0.308634704	0.443634498	0.270539112	0.304314082	0	4.512293375
IN482	0	0	0	0	0	0	0	0	0	0.167386179	16.234595	7.140371533	31.58220301	29.45623208	0	0	3.495336003	11.92387619	0			0	30.39446123	0	29.08270561	27.44566261	0	0	2.005220369	10.7757887	0	0	0	0	0	0	0	0	0	0.296161483	0.628503121	0	0.30576699	2.678463328	0	0	1.118563377	0	0	1.746316698	0	65.25375233	0	0	8.307926519	0.029228692	2.179774778	6.76231006	0	0	4.592554547	1.351339717	0.01497709	0	5.030522754
IN485	0	0	0	0.49588345	0.573736998	0	0.023727894	0	0	3.045515616	17.92727278	0.964587648	22.62785867	44.08103448	0	0	0	10.26038247	0			0	13.66143785	0.741830821	24.79731827	43.85925897	0	0	1.275116398	11.21461381	0	0	0	0.27100475	2.299843856	0	0.025459403	0	0	1.854115868	4.314752476	0	5.436191972	5.286851361	0	0.016519864	1.109307997	0.489790452	0	1.577863459	0	40.3056524	0	0	9.164887476	1.917932918	2.29664466	5.170297292	0	1.376691847	0	0.086085685	13.12244959	0	8.328080548
IN487	0	0	0	0	2.802677646	0.107091914	0.024728682	0	0	0.156171114	12.54910686	1.921765206	34.38183983	43.91731116	0	0.419878593	1.341422622	2.378006373	0			0	16.09060809	1.055979489	31.03584519	42.50282434	0	0.295871515	4.113803121	3.966149305	0	0	0	0	0.521346225	0.107628754	0	0	0	0.309943978	1.403056315	0	0.247546606	0.793174261	0	0.013148827	5.786885413	0.052831703	0	3.143516102	0	70.52412585	0	0	6.577019499	5.448350034	1.119153717	3.464349363	0	0	0	0.325245652	0.309779272	0	0.791817386
IN488	0	0	0	0	3.377673538	0	0	0	0	0.183757275	5.229977099	4.475823939	31.39310227	48.51441326	0	0.586051996	1.055596689	5.183603936	0			0	12.66463491	2.446953143	27.87188899	43.90580966	0	0	2.162332	9.837814577	0	0	0	0	0.904330527	0	0	0	0	0.206236194	6.102461168	0	0.191309927	4.075775498	0	0.179278985	6.73706643	1.435132898	0	5.534999553	0	50.90566894	0	0	10.15481295	2.77557349	1.344709483	6.342359272	0	0.572750618	0	2.867126893	0.131643955	0	0.649329939
IN490	0	0	0	0	5.06248178	0	0.030997854	0.018488084	0	0.905346967	15.91976796	3.616994978	29.63815171	37.04539575	0.000442084	0.408959845	2.860568533	4.492404455	0			0	16.06356708	0.883529446	31.22703673	36.54134191	0	1.565095392	2.404133149	8.502537835	0	0.011380323	0	0	1.757087056	0	0.120574325	0.019106629	0	0.904610121	4.58890707	0.065387964	0.308047462	1.79400189	0	0.094413809	7.715048822	0.369741534	0	2.899531451	0	60.40666992	0	0	5.189773357	8.622619863	1.486087497	4.252914048	0	0.109795809	0	0.76120104	0.111585672	0	1.224272796
IN496	0	0.010088913	0	0	1.853505023	0.134463727	0.025231851	0	0	0.594136285	15.07693323	3.148583129	20.97398465	51.10074927	0	0.208248052	1.748772238	5.114787884	0.010515744			0	18.92219597	0.96329959	20.6887336	48.42121754	0.49582729	0.257219188	1.582514004	6.676748365	0.097577295	0	0	0.056646485	1.156493603	0.195670004	0.155024058	0	0	0.330833011	3.09100462	0.054031828	0.269079919	1.22969594	0	0.03544215	4.135998743	0.223910172	0	3.879760856	0.000635951	61.30669103	0.010402692	8.26451E-05	6.43233659	13.12038169	0.915609041	3.58448705	0	0.084214628	0	0.031467332	0.191491583	0	1.403275541
IN499	0	0.01630419	0	0.187455952	2.99157952	0.030762826	0.102481716	0.009893201	0	0.257485844	18.00602299	3.208776833	25.09537629	42.33276418	0	0.1051342	1.508189349	6.147772916	0			0	17.39029296	1.058412604	26.59311709	39.62143823	0	0.005387583	2.221648096	10.56146921	0.112159533	0.002256938	0	0.370894102	1.824474844	0.031177937	0.056385151	0.010026152	0	0.140859567	4.229270629	0.150015549	1.028831192	1.460114932	0.049480075	0.024367409	4.029380476	0.395025693	0	1.239809748	0	65.05624101	0.019730844	0	5.135094982	10.48473975	1.082531513	4.025314844	0	0.181651096	0	0.171262879	0.352855235	0	0.884282142
IN517	0	0.022748646	0	0.000220296	1.443500244	0.062622058	0.022530563	0	0	0.243597392	4.34821187	5.120974976	35.20663962	13.27581058	0.315079529	0.307827498	0.555713542	39.07452318	0			0	5.83199023	2.004615483	38.16979893	11.71947846	0.93100698	0.077050184	0.733228769	37.7253692	0.108759037	0.022612462	0	0.000274849	2.268390375	0.10367908	0.120410841	0	0	0.183335121	4.662698424	0	1.363117892	1.932096441	0	0.066980662	4.856986939	0.60115454	0	3.002453321	0.010317206	64.27163047	0	0	6.326266463	5.224447558	0.943657271	4.077231066	0	0.097386553	0	0.509088213	0.394178085	0	1.660308891
IN525	0	0	0	0	3.683284578	0	0	0	0	1.859335347	2.571271585	8.25393599	30.27429585	28.5357728	0	0	1.459861279	23.36224257	0			0	5.382193063	3.665699544	35.1108478	22.40149822	0	0	0.071748944	33.17911067	0	0	0	0	0	0	0	0	0	0.188901758	3.04352356	0	0.901921989	1.983328132	0	0	2.329323177	0.029861783	0	7.822110109	0	50.24803761	0	0	10.87598878	13.19687892	0.640790828	6.262342946	0	0	0	0.22803602	0.699334724	0	1.738521417
