FWK_CODE_K	%ivk07_Wein	%ivk07_Ackerfutter	%ivk07_Flaechenstilllegung	%ivk07_Getreide	%ivk07_Gruenland	%ivk07_Hackfruechte	%ivk07_Huelsenfruechte	%ivk07_Klee	%ivk07_Mais	%ivk07_mehrjaehrige_Obst_und_Nutzpflanzen	%ivk07_Nutzpflanzen	%ivk07_Obst_und_Gemuese	%ivk07_Oelsaaten	%ivk07_Pflanzenzucht	%ivk07_sonstige_Flaechen	%ivk07_sonstige_Handelsgewaechse	%ivk07_Teichflaechen	%ivk07_mehrjaehrige_Graeser	%ivk07_unbekannt			%ivk13_Wein	%ivk13_Ackerfutter	%ivk13_Flaechenstilllegung	%ivk13_Getreide	%ivk13_Gruenland	%ivk13_Hackfruechte	%ivk13_Huelsenfruechte	%ivk13_Klee	%ivk13_Mais	%ivk13_mehrjaehrige_Graeser	%ivk13_mehrjaehrige_Obst_und_Nutzpflanzen	%ivk13_Nutzpflanzen	%ivk13_Obst_und_Gemuese	%ivk13_Oelsaaten	%ivk13_Pflanzenzucht	%ivk13_sonstige_Flaechen	%ivk13_sonstige_Handelsgewaechse	%ivk13_Teichflaechen	%ivk13_unbekannt	%Wohnbauflaeche	%TagebauGrubeSteinbruch	%SportFreizeitUndErholungsflaeche	%IndustrieUndGewerbeflaeche	%Halde	%Friedhof	%FlaecheGemischterNutzung	%FlaecheBesondererFunktionalerPraegung	%Bergbaubetrieb	%Wald	%UnlandVegetationsloseFlaeche	%Sumpf	%Moor	%Landwirtschaft	%Heide	%Gehoelz	%Weg	%Straﬂenverkehr	%Schiffsverkehr	%Platz	%Flugverkehr	%Bahnverkehr	% Flieﬂgewaesser	%Hafenbecken	% stehende_Gewaesser
AP_02	0	41.17676102	24.18631619	190.2073038	531.4941092	25.94781651	0	1.070160611	0.329182124	0	3.68776309	0	12.93082877	0	0	0	0	0	168.9697587			0	2.630788499	1.734068927	27.54538258	61.36183024	3.346430159	0	0	1.424750444	0	0	0	0.78572413	1.070998034	0	0	0	0	0.100026991	1.097750741	0.004540895	1.661923178	1.007274174	0	0	0.457627524	1.733171291	0	28.6331799	7.613099487	0	0.309069221	6.924184204	0.033945389	5.987060479	2.625565093	1.417537753	0	0.220819341	0	0.02931566	38.42184049	0	1.822095178
AP002	0	19.30660388	26.38765776	57.9413605	845.9525308	3.660752084	0	0.484700875	32.837711	0	0	0	0.902389855	0	3.550454327	0	0	0	8.975838963			0	1.060372484	0.765793916	7.305621443	84.7269642	0.60092109	0	0.070761269	4.031395295	0	0	0	0	0	0	1.124575641	0	0	0.313594662	0.994438674	0	0.076865609	0.254170064	0	0	0.844834923	0.043808446	0	16.70577912	12.23401155	0	0.003184651	26.01295351	0	8.054126131	2.794933685	1.78438714	0	0.111692404	0	0	27.59813502	0	2.486679077
AP004	0	23.14244077	10.18758053	57.3647874	801.2943042	0	0	68.34888964	19.78168634	0	0	0	0	0	0	0	0	0	19.88031113			0	3.331778068	1.022935242	3.404695672	84.88978372	0	0	6.581416864	0.428870303	0	0	0	0	0	0	0.18483524	0	0	0.155684896	3.934287455	0	0.752766099	3.263158178	0	0.058843024	1.520614326	0.878849411	0	25.97448155	10.70712117	0	0	13.00540957	0	4.296459879	1.245875497	2.837195122	0.192318803	0.948335553	0	0.212125902	30.02240797	0	0.149750497
AP006	0	90.61674093	51.14503323	245.0134615	518.3845522	32.71232728	0	12.7725428	31.64824698	1.667192433	0	1.194290568	9.3741247	1.979806792	0.963529125	0	0	0	2.528151436			0	12.03544717	3.029176432	24.08343609	48.15520244	3.243360658	0	1.518996942	4.724961187	0	0.218958706	0	0.335696002	2.209010049	0.240328959	0.105853677	0	0	0.099571692	3.140880995	0.07846032	0.184499549	0.776618487	0	0.051704799	5.392251572	0.135149745	0	12.74117924	4.946326829	0	0.086007793	64.9774176	0	2.230125742	1.77998184	2.596471323	0	0.012397914	0	0	0.721742392	0	0.148783864
AP007	0	94.01701021	45.72259508	240.3349811	542.2845312	37.74361296	0	5.656422831	1.758009471	0	0	0	15.30943814	0	0.400202054	0	0	0	16.77319696			0	14.37934882	0.105332969	23.03989117	50.14299261	4.112215492	0	1.922508373	5.787472465	0	0	0	0	0.163863643	0	0.01210925	0	0	0.334265212	1.484335398	0.545919815	1.128234806	0.520947492	0	0	2.083284327	0.176137782	0	5.027275753	7.931185649	0	0.114114643	72.1719392	0	1.87347248	2.163625395	1.465849431	0	0	0	0.521046298	2.461254731	0	0.331376804
AP010	0	88.47865439	76.61864229	349.7823824	296.3052894	73.60216541	4.559380449	11.77111279	35.32133843	1.542022498	0	0	53.87697561	0	0.06168707	0	0	0	8.080349299			0	9.70258604	1.006689095	37.54722118	28.55099954	8.374995043	0	2.736337357	5.885530708	0	0.108233569	0.170948537	0.918041799	4.832133263	0	0.016218092	0	0	0.150065774	3.728005359	0.191159006	0.362730114	1.226347412	0	0.081716195	5.10211944	0.165195008	0	12.36689437	4.421661336	0	0	63.96863723	0	1.548428115	2.560358457	3.268499539	0	0.056849741	0.23420726	0.146554871	0.443557397	0	0.127079144
AP015	0	106.6209232	32.4254706	335.6645127	427.8764053	0	3.163299145	35.80619106	6.423962216	0	0	0	40.91433708	0.024183159	0	0	0	0	11.08071553			0	19.20706468	0.362309157	32.77804904	42.48399928	0	0.307459217	1.157540313	1.6253198	0	0	0	0	2.075180649	0	0	0	0	0.003077863	0.984940536	0	0.135389867	0.192248362	0	0.015549904	2.780834383	0.058265226	0	6.919599816	6.024252484	0	0.920345751	73.03384256	0.108976186	1.914846482	2.221044552	3.129698624	0	0	0	0	0.999375055	0	0.560790212
AP016	0	86.74350707	26.2945895	211.6707482	567.311851	31.59584833	1.599674928	11.7326381	32.41581566	0	10.07252886	0.63300014	11.8472284	0	0.759352874	0	0	0	7.323216936			0	7.983750025	1.127951188	24.65962311	56.87294053	1.849519442	0	1.345585964	3.387994878	0	0	0	0.062486362	2.13590327	0	0.035088212	0	0	0.53915702	6.623647182	0.056035874	1.085534761	1.322503416	0	0.146053071	5.829492115	0.255077792	0	11.47445985	7.318543285	0	0	52.89592039	0.080005873	3.25046629	1.907957099	5.00811877	0	0.020845139	0	0	2.493890908	0	0.231448188
AP018	0	31.6988701	28.4893202	441.0652998	53.54254739	203.3229871	0	0	0	0	0	0	81.9413743	0	0	0	0	0	159.9396012			0	5.612437683	0	65.70567999	4.246158596	12.69382655	0	0	0	0	0	0	1.506911136	9.447886573	0.787099468	0	0	0	0	5.91166462	0	2.114858005	11.0156253	0	0	0.705472581	0.616851577	0	24.66466043	4.272261979	0	0	17.94794209	0	9.206330751	2.258566204	3.182990525	0	0.01115529	3.925362044	0.281158554	12.91863128	0	0.966468765
AP020	0	63.93146944	49.7460308	176.0662573	600.7548477	58.46857577	0	13.52445484	7.938327009	0	0	0	10.41652251	0	5.579496078	0	0	0	13.57401848			0	8.450994164	2.372899916	17.30939789	59.47893582	4.27974889	0	1.306073947	5.191283329	0	0	0.443365662	0	0.32541387	0	0.841886506	0	0	0	0.762600592	0	0.018472498	1.429312412	0	0.082088624	3.77479384	0.086218895	0	1.547793517	4.836121438	0	0	82.6488372	0	0.352836826	2.403506431	0.954467246	0	0	0	0	0.765752908	0	0.337197578
AP021	0	51.19870181	27.4217644	333.568112	317.9047999	172.4991652	20.4724806	9.811241845	23.41772359	0	0	0	24.14237423	0	0.7619073	1.13619358	0	0	17.66553555			0	5.750959033	0.67410032	33.24786348	31.24134014	16.8683466	0.9515724	0.88013069	8.568883532	0.303305881	0	0.055009396	0	1.180892277	0	0.123840039	0	0	0.153756222	3.111700348	0	3.756122252	1.248614785	0	0.084127335	4.480813798	0.053452451	0	26.01059639	3.805001795	0	0	47.30609135	0	2.178132747	1.385182857	2.765921975	0	0.006961108	0.010758052	0.221318217	1.092163487	0	2.483041051
AP022	0	86.64005848	83.52391995	319.7605135	420.9716179	0	0	4.36771483	44.43712445	0	0	0	26.21664551	6.692935611	2.354460985	0	4.475680459	0	0.559328255			0	10.29657139	1.576435569	35.95114275	43.28360659	0	0	0.678410424	3.827608145	0	0	0	0	3.209174315	0.647510275	0	0	0.52954054	0	2.650379252	0	0.491795181	0.712958709	0	0	2.023318738	0.155281723	0	22.82621241	7.669659688	0	0	55.58701155	0	1.149370416	2.309574083	1.564809351	0	0.02300641	0	0	1.519362569	0	1.317259918
AP023	0	15.59403895	100.0570952	202.7407601	594.6491387	13.48423148	2.699053323	5.382053106	21.79369772	0	0	0.068108878	35.12782959	0	0.973053651	0	0	0	7.430939374			0	3.133147115	3.329815251	22.92389315	59.7396055	0.549474358	0.255640953	0.354808587	6.133932212	0.075090416	0	0	0.006815372	3.301684374	0.106491057	0.089601651	0	0	0	5.81738773	0	7.976852359	0.655085578	0	0.494976147	2.876149726	0.616069257	0	7.292113638	6.42836603	0	0	56.41979053	0	1.709368795	1.966479217	3.642271651	0	0.420598808	0	0	3.065437116	0	0.619053419
AP026	0	19.21472902	101.471861	452.662539	213.1774875	85.64282676	4.501683283	5.191336797	24.93500789	0.025510773	0	0.384819028	76.5910567	0.20506849	0.760356055	0.361396084	0	0	14.8743216			0	2.649131308	2.79038587	46.69101706	20.70109338	7.238018415	0.088192875	0.345406301	9.979539966	0	0	0	0.109076277	8.30942657	0.006413929	0.063729043	0.036087829	0	0.992481175	7.091218569	0	2.938076214	4.912831325	0	0.060286834	2.935189361	0.553404999	0	4.199228434	7.084490916	0	0	55.65913339	0.015724747	3.579997809	2.160659981	4.963396513	0	0.268620682	0	0.695337205	2.032113956	0	0.85028907
AP034	0	47.06341005	68.66602012	215.7853219	497.3051138	86.06448429	3.426942039	15.41661821	20.64824539	0	2.914695664	3.783758161	22.82331589	0	6.046262485	0	0	0	10.05581197			0	3.780888922	3.425686305	23.36729994	51.72811994	7.149893692	0.370686251	1.127279182	5.063977199	0	0	0.465729237	1.068037766	1.5698709	0.210461111	0.298140188	0.028226172	0	0.345703196	6.711307101	0	1.315359048	4.582764717	0	0.038190141	2.61968563	0.482198627	0	11.01432243	6.844804013	0	0	44.49445402	0.164687204	6.849060203	1.714772813	4.17805674	0	0.092522357	0	0.456231631	6.790971017	0	1.65061231
AP035	0	55.4969491	30.40307358	155.5695372	668.70013	13.00113722	2.538738938	11.50745316	34.64628829	0	0	0.536651625	7.485544018	0	0.086116219	0	0	0	20.02838065			0	8.275600466	0.523444963	13.19724238	68.04980229	1.353817796	0	0.068811275	6.482600536	0	0	0	0.237646323	0.445921982	0.154030847	0.040457742	0	0	1.170623398	4.613608517	0.085139452	1.270832634	4.170126477	0	0.083318009	4.231137987	0.434724829	0	4.220368846	10.11465351	0.042757276	0.003045783	54.26435534	0	5.231717403	1.519451637	2.634311749	0	0.30709623	0.13915046	1.439480593	4.507950266	0	0.686773
AP038	0	101.0954244	47.76171306	225.5481012	455.0259816	23.48435447	0.600987231	21.21763721	49.34116541	0.468856839	0	0	52.75307634	0	2.660805111	2.682681643	0	0	17.35921545			0	11.9124376	2.632895201	24.38800255	44.63652437	1.934758817	1.546116008	3.3463745	4.715322538	0	0	0	0	2.814249775	0.629240973	0.110141767	0	0	1.333935898	6.045057856	0.013192909	0.629181361	1.220576288	0	0.093944952	4.351048237	0.362756317	0	10.80837948	4.567492802	0	0.111059019	60.90610407	0	3.045656234	1.744550526	2.53970157	0	0.041096555	0	1.841881353	1.464622159	0	0.213698304
AP043	0	109.4883388	79.77898531	194.7651435	459.6476591	11.5946737	0.292773735	16.54779836	44.05714003	13.59785433	0	7.63293426	36.21930152	0	7.056832114	0.096791098	0	0	19.22377422			0	10.24628323	0.670259199	28.60552162	48.16046734	1.09196205	0	2.21209057	2.858755527	0	1.01057805	0	1.363891001	3.112003392	0	0	0	0	0.668188026	12.68143557	0	2.710926437	2.550274633	0	0.008538449	7.284140693	0.322139968	0	3.24806516	8.501065691	0	0	47.44551938	0	3.427602522	1.708740568	4.270796128	0	0.160494787	0	1.76972046	3.621634155	0	0.288905396
AP046	0	115.5313114	56.12238447	346.3659432	332.4625357	26.30724807	0	17.84436048	38.21679172	2.494403419	0	0	47.86028201	0	0.837780875	0	0	0	15.95695867			0	16.59888591	0.958754439	35.95468609	30.0582648	1.632313812	0.410004488	1.77618611	8.127072363	0	0	0	0.242028885	3.981687449	0	0.122365878	0	0	0.137749782	4.506329586	0.196118534	0.434129997	0.528381666	0	0.141063299	4.671762603	0.181215358	0	11.45628924	4.908576242	0.003392454	0	64.17059579	0	2.816605282	2.1507931	2.296856234	0	0.015318329	0	0.255591488	1.024647272	0	0.242333527
AP047	0	72.57384538	74.65064924	350.9574935	325.7564461	13.53970576	0	7.974303291	42.0123229	0	0	3.224751212	88.23438525	0	9.067341249	0	0	0	12.00875617			0	15.43516446	2.927929875	38.42159347	30.78031739	1.570965218	0	0.574711713	5.167467155	0	0	0	0	3.467327158	0.446917552	0.920746348	0	0	0.286859662	5.406149229	0	0.022045065	0.705219504	0	0.067513527	3.929192468	0.074424703	0	7.121904302	11.89191531	0	0	58.97123543	0	5.045859073	1.309904801	1.976695549	0	0.016875288	0	2.313705152	1.023649449	0	0.123711141
AP054	0	65.54838513	38.48977184	299.6345772	434.0707338	2.809153719	16.35049018	21.00399968	99.32567392	0	0	0.039880768	8.155501699	0	0	0.363991977	0	0	14.20784011			0	8.225809698	0.160923792	31.65984525	45.13235029	0.13865566	0	1.087919616	11.34308016	0	0	0	0.004126037	2.141451826	0	0	0.029431469	0	0.076406198	5.038929779	0.00115227	0.645871846	2.38283094	0	0.112998295	5.636924588	0.518882589	0	7.887255502	6.903598145	0	0	58.2108606	0	4.436010367	1.615065229	4.267496964	0	0.156011753	0	0	2.097636896	0	0.088474233
AP058	0	124.7723056	33.74922779	272.8362902	369.4032522	84.95266883	4.853967703	13.8890275	35.57421426	33.26567732	0	8.769498836	2.92320575	1.014092635	0	1.709270154	0	0	12.28730115			0	14.19534743	0.96009844	25.36556679	33.03882157	3.076998571	0.148218874	4.024851354	16.02064001	0	0	0	2.412731244	0.302517896	0.122930868	0.101378141	0.166782723	0	0.063116093	9.910635364	0	1.069897231	1.108372003	0	0.101621557	10.19426328	0.434315254	0	4.022397891	5.41765916	0	0.361824545	57.22777241	0	2.468403681	1.647122767	4.546486242	0	0.077096294	0	0.292764826	0.956271537	0	0.163095963
AP062	0	59.40010441	36.20920469	247.5822945	471.8012217	54.88215487	3.368202194	11.78667975	66.70952265	0	0	0.35640372	29.61389188	0	2.590407912	0	0	0	15.69991176			0	9.640482176	0.546627848	24.5409335	42.07815652	6.498495941	0.052891894	1.760310316	12.28979054	0	0	0	0.19936159	1.389990735	0	0.179678023	0.37065402	0	0.452626896	6.489129871	0	0.31606622	1.64064163	0	0.101558808	6.836111782	0.358978216	0	5.933244342	3.638980125	0.164516062	0.211467959	63.88327875	0.173520714	2.111856315	1.573480238	4.315948747	0	0.019544382	0	0	2.060832298	0	0.17084354
AP064	0	65.75690605	65.16422692	219.6449149	499.98535	50.35094168	0	10.23903582	16.20125743	1.593420457	23.73313571	12.01965563	13.93646527	3.543607226	6.754029081	0	0	0	11.0770539			0	6.000814284	3.474632147	20.55131433	50.93569063	5.487558717	0	0.998120555	7.71104421	0	0	2.28907249	1.558709659	0.462739898	0.530303076	0	0	0	0	2.878486587	0.20341965	0.293236485	1.601937026	0	0.026295782	4.849062091	0.306380731	0	11.13029093	3.957062261	0	0	67.41488124	0	0.80978638	1.653389022	3.271471598	0	0.064389573	0	0	1.366323241	0	0.173587409
AP067	0	76.61263527	62.37719579	339.0259331	223.3492253	219.7388658	3.055118794	11.12983889	24.53999409	1.575859324	3.138774648	12.71113399	14.44424637	0	0.012053938	0.843481228	0	0	7.44564349			0	11.92828854	1.221983642	32.16752539	20.2551811	20.21368225	0.26912566	1.451018221	9.964689608	0	0	0.295090953	0.174233398	1.950706763	0	0	0	0	0.108474483	4.870634358	0.136809947	0.508652204	0.908083291	0	0.074099521	3.419813193	0.322412879	0	11.05268343	7.204947656	0	0	61.97759138	0	2.305447691	1.707609489	2.776389154	0	0.030698992	0	0.576297296	1.747523705	0	0.380305805
AP068	0	63.879584	30.7465223	262.6854167	500.5336892	24.14207587	0	41.99199922	12.58493487	0	0	0	43.05729035	0	13.54690403	0.342588325	0	0	6.488995089			0	16.80515627	0.071430962	20.9067324	45.98405201	4.027261438	0	1.208984248	3.296307958	0	0	0	0	2.495440643	0	0.342604698	0	0	4.86202937	1.615806033	0	1.500410098	1.613427721	0	0	2.048658615	0.001144438	0	22.48171625	6.15522878	0	0	55.82773684	0	2.602238684	1.592350524	2.180224561	0	0.323415389	0	0	1.256857123	0	0.800784945
AP070	0	34.15457584	41.83066639	485.4495798	228.9840411	97.63850478	5.333699102	2.657254094	2.428966667	0	0	18.96491126	66.44002831	0	2.226366492	0	0	0	13.89140617			0	2.190892875	1.177065481	47.41642095	21.93692358	12.71733452	0.136197292	0.617056607	1.95210291	0	0	0	2.178598423	9.116695415	0	0.320369367	0	0	0.24034259	4.390314015	0.186273216	1.662409695	2.269832511	0	0	1.657926601	1.118974165	0	3.454310106	2.029396513	0	0	67.67341784	0	5.160855419	2.527765754	4.070083288	0	0.030389346	0	1.639628454	1.514138482	0	0.614284597
AP073	0	137.1293559	42.88994707	158.7448903	469.5184691	158.4817776	0	0	10.34667043	0	0	10.06226213	0	0	0.064440056	0	0	0	12.76218748			0	23.35937372	0.583111651	12.40264934	38.09340171	17.59880774	0	0.20316643	6.724396775	0	0	0	0	0	0.257749887	0	0	0	0.777342745	0.036775785	0	0.122333219	0.170415459	0	0	0.568951081	0	0	0.700954768	10.07025566	0	0	81.54299806	0	4.006715589	1.431810532	0.540065873	0	0	0	0	0.808723963	0	0
AP074	0	64.81908899	29.44319641	292.5520434	461.2784145	93.82044376	0	15.8696572	33.47144144	0	0	0	0	0	0	0	0	0	8.745714251			0	12.3759345	0.746722425	18.98403463	41.56043439	12.90350476	0	0	12.82920039	0	0	0.600168908	0	0	0	0	0	0	0	0.022086765	0	0	1.270286674	0	0	0.548779977	0	0	0.911776565	2.303838346	0	0	90.58499502	0	0.520207745	1.589185075	1.111749856	0	0	0	0	0.842885823	0	0.294208155
AP075	0	0	49.20567694	567.0266551	90.53679892	280.2291704	0	0	4.731618343	0	0	3.63245493	0	0	0	0	0	0	4.637625421			0	2.626169915	1.899004078	55.08754029	7.196338308	20.8258658	0	2.580346879	6.28234378	0	0	0	0	3.062748486	0	0	0	0	0.43964246	0.920655506	1.022956794	0.364887783	4.064829631	0	0	0.546494493	1.638524773	0	21.50441004	5.41576475	0	0	41.41517218	0.01928086	4.655318637	2.197807172	1.695305207	0	0	0	1.230687845	0.517460179	0	12.79044415
AP080	0	101.5468308	92.01947961	301.2466529	297.6689215	145.5226992	2.231040727	7.366564854	37.88282421	0	0	5.708768515	5.81219701	0	0.266363743	0	0	0	2.727656967			0	9.95937901	2.881807889	28.41935713	28.54131997	15.35226456	0.162527707	0.719390178	12.01325398	0.586904439	0	0	0.334854371	0.447036551	0.141221392	0.351084061	0	0	0.089598757	2.192071893	0	0.477306518	1.123635854	0	0.00108737	1.763316712	0.172815096	0	4.004874183	4.83503047	0	0	78.40610202	0	1.92498556	1.754156714	1.462071915	0	0	0	1.071217163	0.677259331	0	0.134069198
AP085	0	44.11491605	73.9155394	426.2405947	193.8972703	194.2297601	0.986752778	2.212889818	44.52863115	0.353669257	0	1.754788536	13.11767334	0.633386156	0.086625953	0	0	0	3.927502457			0	6.098035588	1.42673828	42.45159107	17.8408888	19.27970266	0	0.413247663	9.965451157	0	0.036033933	0	0.258378468	1.701274499	0.086256917	0.110861948	0	0	0.331539009	4.973945277	0.010202341	0.228705947	1.029282933	0	0.113632134	4.589270144	0.805844153	0	3.324681494	4.261541453	0	0	71.83421554	0	2.58304878	1.290658296	2.723872134	0	0.010461335	0	0.09627078	0.882977889	0	1.24138937
AP090	0	22.94168525	99.43880388	189.4868621	548.1542424	39.32903764	0	10.99036506	21.88960081	0	4.209699338	0	10.50447084	0	24.28523846	0	0	0	28.76999416			0	3.446666447	8.389379739	17.31546195	55.30356762	3.917657135	0	0.660816737	5.574702477	0.266265669	0	0.705322895	0	1.619304341	0	1.741926479	0	0	1.058928508	1.511285067	0.152384436	0.858462785	0.695830713	0	0.027607072	0.935794814	0.112178325	0	28.97779889	3.656907229	0	0	46.07177465	0	3.881802762	1.49870765	2.063260102	0	0.074230079	0	0.987312312	1.169573302	0	7.325089811
AP091	0	38.70449341	54.16027881	419.96355	36.79227345	344.3607338	0	0	0	0	28.19675553	64.55354849	0	0	0	0	0	0	13.26836654			0	2.751710268	1.53505957	32.7793515	26.84366409	17.67296713	0.021586845	0.554748609	3.691961653	0	0	0	7.517102305	5.138761078	0	1.489992447	0	0	0.003094517	8.937302956	0	0.530578498	2.548322274	0	0.150907205	1.886027467	0.624593971	0	22.179582	8.939036391	0	0	28.07085407	0	6.556167555	5.278025855	4.062415928	0	0.190228701	0	0	5.531214503	0	4.514742621
AP092	0	0	61.82527047	662.4826807	48.76651583	208.9279507	0	0	11.60843101	0	0	0	6.241539162	0	0	0	0	0	0.147612177			0	0.225174106	3.527674387	61.58004074	6.66148675	22.41307756	0	0.02615521	3.421957807	0	0	0	0	2.144433436	0	0	0	0	0	4.225862523	0	0.216727036	1.162487982	0	0	3.611613721	0.140849433	0	1.424132379	3.738895367	0	0	66.77568591	0	5.289318706	1.694009427	3.32039993	0	0	0.242484111	0.497102537	1.47333528	0	6.187095654
AP093	0	71.80330548	108.6819812	229.1028392	464.7365384	19.71063333	22.69906756	20.75160731	20.31679124	12.03752129	0.184202397	0	18.45917806	0	4.24713035	0	0	0	7.269204181			0	6.54579073	6.795759223	27.83137185	41.24607524	3.384167183	3.041530422	0.984850097	4.775471862	0	0.210985557	0.206600382	0	4.599015941	0	0.322764952	0	0	0.055616563	1.771337523	0	1.33376601	0.834396656	0	0	1.851272735	0.004768898	0	7.364901101	3.967260547	0	0	49.38274969	0	0.846811263	0.989047201	2.992754754	0	0.070499141	18.29127449	0.61871113	0.242682961	0	9.437765901
AP097	0	19.61424035	78.24728762	206.8388897	342.5337139	63.35905663	0	0	230.1820458	7.443625208	3.780815748	0	21.86909524	0	3.394448831	0	0	0	22.73678097			0	0	3.02773843	21.19155279	32.70040773	3.890475935	0	0	24.78936139	0	0.688836951	0.405136971	0	12.3136223	0	0.760104909	0	0	0.2327626	0.750559039	0.156732125	0.317975722	0.537756775	0	0	0.902984836	0.000541439	0	15.83940451	6.328872894	0	0.512704843	36.50581694	0	13.3702733	2.982184809	3.333756	0	0	0	0	8.933378256	0	9.527058506
AP098	0	73.03688406	76.9227388	445.6728169	105.3598268	143.8296995	0	37.07510796	12.34162801	0	14.93220506	0	65.43558654	0	0.730487845	0	0	0	24.66301856			0	8.200308954	2.489536895	50.67671148	9.303866416	11.33182791	0	1.092091096	5.643121512	0.001722001	0	1.08440683	0	9.667722116	0	0.148417175	0	0	0.360267616	6.619979244	0	0.783220845	1.387127661	0.018788856	0.093576371	5.370339279	0.287814014	0	9.457394986	4.668727197	0	0	60.83333441	0.026904222	0.88480701	2.543478669	4.899005151	0	0.107514276	0	0	0.628392623	0	1.38959518
AP101	0	35.57316902	53.44244409	151.3141372	652.5952587	0.206916246	7.38751E-05	3.835397028	24.11550431	0	40.62552188	7.127840171	14.74366651	0.733150634	5.783479968	0.485560326	0	0	9.417880048			0	4.417041225	2.759581039	14.65260967	65.17405135	0.02117355	0.014361673	0.263957174	6.388460161	0.176539505	0.06770922	3.867330908	0.83107986	0	0.207087495	0.634152486	0.019117243	0	0.505747443	4.244022888	0	1.382797498	2.511779289	0	0.06857116	3.440171337	0.81368972	0	2.443245429	9.784518632	0.708038833	0.153460633	57.86375312	0	5.151833497	1.495953585	3.271583051	0	0.348008434	0	0.075366356	5.616569189	0	0.626637346
AP102	0	39.5512949	192.9419691	228.2727549	287.1254375	0	0.577404153	5.869684212	43.45644593	5.160859747	156.7096504	0	12.45715644	1.712869703	2.728124271	2.650638227	0	0	20.78571067			0	6.036453137	8.208667906	25.03262255	29.02322827	0	0	0.676302576	11.53429752	0	0.723498663	14.33642611	0.123229487	2.090768016	0.343480949	0.408441632	0.06885492	0	1.393728256	6.953275062	0.229024274	0.834061864	4.602015862	0	0.147156221	6.732327546	0.469891607	0	7.495417922	10.27007489	0.002851526	0.084648432	49.71157746	0.017047411	3.004849343	1.280009555	5.439510206	0	0.427764184	0	0	1.978624743	0.016284168	0.303587724
AP107	0	40.7986943	113.2136812	302.1940131	179.8276725	6.479475499	7.364425281	18.51186915	49.51799907	0	200.4331913	5.183144245	49.33458064	7.087276236	1.52742419	0.739475863	2.522140906	0	15.26493654			0	9.629566753	8.939740642	27.71525154	17.81387045	0.758932617	0.555127646	0.648935185	12.75050699	0.013850188	0.011284556	15.63657699	0.659076602	3.488706983	0.623531331	0.483656757	0	0	0.271384762	6.54912725	0.065370728	0.890500591	2.43123249	0	0.225340001	5.679636034	0.412312746	0	9.46906764	7.766243684	0.309603094	0.089360711	54.16320393	0	4.231428687	1.394375264	5.077154805	0	0.028708757	0	0.034583047	0.754947476	0	0.427803067
AP114	0	90.94016435	38.15633628	374.5090152	403.2097982	7.723371302	12.32227841	0.478751663	48.90941145	0	3.939282868	0.236046128	1.094274322	0	0	0	0	0	18.48126982			0	6.342185253	2.842686474	30.62895213	40.20479812	5.020848724	0	0	12.17557955	0	0	0.398965737	0.041982277	0.328408154	0.783422369	1.232171222	0	0	0	3.488725168	0.109935613	0.217236935	3.597326998	0	0	2.540784313	0.080429025	0	17.21190958	6.910732806	0.000768808	0.104071607	55.87320533	0	3.210385637	1.64246828	3.371682082	0	0	0	0	0.876650697	0	0.763687117
AP116	0	43.54366422	80.46492972	494.6019268	176.7917581	54.25612301	0	5.384383545	102.1229105	0	29.70911537	0	10.93073066	0	2.194458102	0	0	0	0			0	1.628507638	2.55176878	60.06887592	17.07503888	2.499926576	0	0.129847203	11.80424373	0.541702019	0	0	0	1.421352173	0.264317721	0	0	0	2.014419364	1.877605186	0.341010567	0.056330634	13.70670095	0	0.013175663	2.276254255	0.059526484	0	37.30513897	6.03859766	0	0	26.33529231	0	3.349757895	1.3113166	2.648324558	0	0	0	0.371684838	0.960711385	0	3.348572046
AP117	0	48.32721382	126.598961	309.0330318	228.1109067	95.48210622	1.811327275	12.2748727	56.76502482	0.484590483	81.16057588	3.270294817	23.06017072	0.714574512	1.187159717	1.322471336	0	0	10.39671823			0	2.768061464	7.625121961	35.66148923	19.66783778	6.390951921	0	0.353714052	15.72770916	0.174989963	0.084569123	7.791189029	0	2.640159283	0.298625296	0.288030772	0.025935827	0	0.501615131	6.028335812	0.140999169	1.413454705	3.145087276	0	0.225651764	2.642643031	0.271904105	0	3.33570717	5.385744336	0.003920474	0.007729599	58.84099868	0	4.369792363	2.155175464	3.302277053	0	0.24797973	0	0.431898199	5.470451668	0	2.580249404
AP120	0	107.2417892	29.21190867	230.7663437	496.1981612	0	8.656422719	39.51786435	36.88526608	4.428897958	0	0	43.9312333	0	0	0	0	0	3.162112808			0	9.511130057	0.262864524	27.82027064	50.5281507	0.516459387	2.75158121	1.302480293	4.988498769	0	0	0	0	1.65215558	0	0.59793016	0	0	0.068478688	7.31335396	0.516841096	2.994356913	1.501798677	0	0.12534105	4.787805806	0.806506588	0	6.034415748	6.48035499	0	0	59.54230756	0.022840711	2.847419328	1.305001282	3.78435312	0	0.057242536	0	0.022579625	1.624132555	0	0.233348451
AP123	0	61.40986648	38.33803149	166.8286609	647.4875095	0	9.001054792	11.96225929	22.20997833	0	0.057241991	0	21.45406175	0	2.480631694	0	0	0	18.77070379			0	7.073782652	1.076165135	19.63999936	65.41986125	0	0.822387967	0.82144363	2.11266266	0	0	0.005869511	0	2.676686912	0.052085195	0.086191532	0	0	0.212864201	8.709416718	0	1.573723091	3.041849557	0	0.070920986	5.936245025	1.756280046	0	6.001276924	5.902406099	0	0	53.19766716	0.242145873	4.540087151	1.028415966	5.581748211	0	0.167518687	0	0.224868615	1.902831545	0	0.122598344
AP124	0	44.70191322	43.15708566	319.4440692	415.5461686	42.47350752	7.567809715	43.62026756	11.24630308	0	13.65851747	0	32.82804027	0	4.211695111	0	0	0	21.54462259			0	8.692956624	3.088128764	38.27721354	37.99700012	2.70008246	0.654981956	2.089047141	2.23147283	0	0	0	0	2.727879136	0	0.989458819	0	0	0.551778602	3.333143779	0	0.040370437	0.080074552	0	0.013303092	1.357323918	0.12379103	0	38.46732763	2.10486337	0	0	47.45439458	0	2.602439272	1.331213227	2.367133512	0	0	0	0	0.562923578	0	0.161698027
AP128	0	95.52674214	35.07205121	360.592669	436.9837466	0	0	35.51898386	11.74282896	0	5.281200592	0	18.77611854	0	0.505659024	0	0	0	0			0	11.4166831	0.588390328	27.91509999	42.99245442	3.945456454	0.740680521	5.221303111	3.883178848	0	0.105491042	0.515105244	0	2.024239783	0	0.651917164	0	0	0	3.453282876	0	0.566836673	0.001243714	0	0	5.096878069	0.134662088	0	7.234498977	8.733326972	0	0	63.31537275	0	1.542567944	1.293810805	4.358583686	0	0.023823378	0	0	0.499441065	0	3.745671006
AP129	0	27.51090017	202.5839447	212.1150444	219.6522143	4.289026735	4.944309831	12.10121994	37.04487253	0.690995309	191.446789	0.53885618	22.15680058	1.424386585	4.779836654	3.391446436	38.61132819	0.121770112	16.59625833			0	4.768418742	16.78251716	23.80305807	19.56588924	0.420821078	0.007702562	0.405834383	10.94215716	0.325910333	0.137858972	14.72964638	0.059715081	2.200918209	0.228827577	0.649969503	0.848958206	3.994492035	0.127305302	4.294369166	0.072351	0.615232072	2.781860707	0	0.074610893	6.443064897	0.273607647	0	14.79537494	4.779383954	0.050817251	0	54.02993389	0	2.811420196	1.561685585	3.834033252	0	0.053363989	0	0.180787694	0.924696736	0	2.423406136
IL001	0	74.54929308	63.7887729	322.5244061	327.2334528	14.66823748	4.544531315	25.31596878	50.23577238	0	0	1.013012011	0.846963568	0	2.690618661	2.885157899	0	0	109.703813			0	6.544766143	0.642614804	29.55791522	51.56011814	1.978847261	0.538836334	4.640924657	3.434602902	0	0	0	0	0.356527482	0	0.414393694	0.091156661	0	0.239296697	1.307746985	0.089945557	2.376826206	1.548725727	0	0.006590773	0.48606023	0.527839427	0	29.82411148	7.476215121	0	0	14.14054607	0	4.599209392	3.336744404	1.459567216	0	0.334048353	0	1.068824184	26.46484129	0	4.952157587
IL002	0	103.2270147	144.0140824	319.5667993	237.1073679	62.48908475	4.521519326	35.12884478	30.00060223	6.634964049	9.760461793	0	18.36523054	0	5.759929853	0	0	0	23.42409829			0	16.71106554	9.43358748	33.78021712	28.31248325	2.99183186	0	5.706410959	1.739282121	0	0.856142754	0	0	0	0	0.468978924	0	0	0	1.238804199	0	1.243581449	1.606038011	0.131586452	0.004085407	0.869257942	0.629194994	0	15.0816452	6.371421927	0.449659036	0.517597851	37.2903511	0.051500998	5.017731197	2.404983271	1.525407424	0	0.691634024	0	0.100431224	19.49273782	0	5.282350472
IL005	0	123.7831873	23.71037117	239.4067595	483.2974214	64.95955701	0	15.43974303	2.613766702	0	0	10.29397295	36.2862339	0	0	0	0	0	0.208987017			0	15.04471767	0	21.25673656	47.12694557	7.965157535	0	0.110084024	2.459841269	0	0	0	1.797840853	4.083974858	0	0	0	0	0.154701665	0	0.105646237	0.075115194	1.131094956	0	0	0.153909057	0	0	38.39485639	2.524546023	0.941852568	0.308049865	38.90128283	0	3.134849871	2.137660319	0.873122014	0	0	0	0	6.164554023	0	5.153460655
IL064	0	0	0	0	0	0	0	0	0	0	0	0	0	0	0	0	0	0	0			0	0	0	0	0	0	0	0	0	0	0	0	0	0	0	0	0	0	0	0	0	74.49552937	0	0	0	0	0	0	0	12.3241067	0	0	0	0	0.654161569	0	0	0	0	0	0	12.52620236	0	0
IL092	0	79.41518599	52.22225963	371.780905	369.3622512	1.492705239	2.381564637	12.08325704	43.18376914	4.252596292	0	0	34.58700894	0.448168075	1.034073338	0.721466082	0	0	27.03478937			0	17.28401147	2.422953249	32.84848228	33.25453581	0.257333852	0.292900889	1.247056074	7.429746412	0.109341385	0.397047679	0	0.207715944	2.508714059	0.046121459	0.123887006	0.074246851	0	1.495905589	3.483244093	0	1.613267181	4.156593359	0	0.070355583	1.641367495	0.264899933	0	15.85908095	3.110930658	0	0.023118268	55.87284957	0	1.883747604	3.056419607	4.404309785	0	0.130538144	0	0.587929185	1.134439997	0	2.706908591
IL095	0	107.2897952	6.237495615	122.9574646	704.7402087	0	0	5.002395858	8.974247054	1.971812528	0	0	34.57719855	0	0	0	0	0	8.249381862			0	19.63258845	0.052472252	14.96096328	59.56796549	0.536061689	0	0.502189661	1.387756816	0	0.305211653	0	0	1.400854047	0	0.069767133	0	0	1.584169531	2.113013589	0	0.452147132	0.447689398	0	0.013589838	1.205740387	0.027330952	0	12.59428139	5.934305086	0	0.027547412	67.70383657	0	4.770289144	2.158273047	1.421650995	0	0	0	0	1.082601215	0	0.047703839
IL096	0	106.5917793	18.26766365	179.3592505	610.9151167	6.458807956	1.777093545	11.24522015	17.81434116	1.172765599	0	2.098892575	18.40677669	0	4.981078074	0	0	1.509790377	19.40142374			0	15.39234861	0.52440424	16.77096916	59.78339997	0.56408412	0.011148349	1.120157456	2.881961977	0.151893419	0.117987016	0	0	1.57047899	0	0.316644806	0	0	0.794521887	8.349009365	0.007719873	1.965799351	2.515689127	0	0.073660961	5.446158047	0.813210249	0	2.963373403	5.967654032	0	0	59.85101968	0	2.068812553	2.341088273	3.571928954	0	0.177426275	0	0.266630481	2.839036228	0	0.781783151
IL098	0	79.49849549	38.71653958	180.8101194	639.3660633	0	0	3.433054655	0	0	0	0	10.81628723	0	0	0	0	0	47.35944029			0	28.56585361	0	8.006429092	51.28328364	0.299016144	0	2.544169114	2.869348398	0	0	0	0	2.345417371	0	0	0	0	4.086482623	0.189775802	0	0	0.052706766	0	0	1.343741419	0.004709352	0	33.16690306	7.079658322	0	0	46.4757894	0.91207173	6.205514335	2.285427941	0.578490939	0	0	0	0	0.439676272	0	1.265534671
IL099	0	64.74091952	18.03849136	280.9690388	496.2559595	3.971678686	3.462521029	2.085433501	78.1791659	8.425739152	0	0	25.99272063	0	0.048577763	1.17000831	0	0	16.65974586			0	21.44858965	0.10845724	25.19444445	46.03030027	0.218157728	0	1.357397285	2.135978348	0.0011621	0.060381364	0	0	3.045214568	0	0.016098555	0.117141825	0	0.266676625	3.443394846	0	2.265224856	1.974943439	0	0.017163501	1.621708128	1.011239938	0	6.524022333	5.930244479	0	0	68.2663644	0	0.916992229	2.106331975	2.475408569	0	0.290438369	0.439647901	0.141293749	2.053848463	0	0.521732831
IL101	0	77.31825957	31.86999716	222.217559	561.8947653	4.753903079	3.197029065	13.6771157	22.27999375	0.060238282	0	0	14.52128572	10.63623607	1.049795727	0	17.11536998	0.540693387	18.86775822			0	11.70359191	2.20381469	20.11582933	54.21055111	0.900720549	0.081912281	0.574815399	3.931731734	0.42498448	0	0	0.013268232	1.628397537	1.289985282	0.169381882	0	1.729530632	1.021484948	4.48848594	0.015496844	0.602280689	0.972449648	0	0.079735041	3.648116778	0.185914466	0	24.02335902	5.883783686	0.119849266	0	48.19278109	0.002868316	2.799401601	2.470715895	2.941825697	0	0.103211867	0	0.324976274	1.765055657	0	1.379692218
IL102	0	104.4003912	8.56525009	120.164758	711.4405017	2.422997879	0	19.91725165	23.5825434	0	0	0	0	0	0	0	0	0	9.506305996			0	12.49022085	0.213198064	20.15738006	62.0253991	0	0	3.039378543	1.046682461	0	0	0	0	0.2201057	0	0.384767682	0	0	0.422867547	4.064335235	0.128599336	0.259247235	1.46834558	0	0.075863848	3.645254517	0.234835843	0	18.64841984	9.704123991	0	0.413855343	52.75024321	0	3.138524908	1.670611002	2.615693459	0	0.059110213	0	0.111771467	0.794320679	0	0.216844298
IL103	0	108.0449957	22.97619301	483.0129995	220.8521613	86.74943922	0.187169176	16.23544777	40.00614847	0	8.343311031	0	7.008294312	0	0.535402988	0	0	0	6.048437588			0	11.17113433	0.333003437	45.58963107	26.35001032	5.330074936	0.535956495	1.453975358	7.91045944	0	0	0	0	0.934321359	0	0.391433255	0	0	0	4.394072873	0	1.348152196	1.682699826	0	0.092992224	4.667260427	0.181587833	0	4.075470654	4.35505332	0.126994721	0	52.49383192	0	2.761475702	3.013219475	3.384304094	0	0.36054829	0	0.810862466	13.02158142	0	3.229892564
IL104	0	57.90421282	2.787427579	32.06489116	886.7638999	0	0	0.636440381	0	0	0	0	16.3705346	0	1.292143289	0	0	0	2.180450234			0	9.707764595	0	7.358058846	82.0047205	0	0	0.247589681	0	0	0	0	0	0	0	0.0465837	0	0	0.635282676	4.99288887	0	0.870679994	1.268956835	0	0.043743432	2.645768809	0.591864208	0	7.898031443	3.227956505	0	0	65.96086758	0.005667184	4.980677141	1.394455166	2.453519666	0	0.079108349	0	0.23670049	3.11583774	0	0.233276589
IL105	0	0	0	0	987.5124099	0	0	0	0	0	0	0	0	0	0.08703128	0	0	0	12.40055885			0	1.513069914	0	0	97.93522619	0	0	0	0	0	0	0	0	0	0	0	0	0	0.5517039	3.850221536	0	0.929622388	0.946171893	0	0.120205204	3.086046424	0.248091211	0	15.85176764	0.32446916	0	0	69.45928108	0	0.316388675	1.18853202	3.162335951	0	0	0	0	0.413902078	0	0.102964739
IL106	0	105.2268901	67.54783235	378.4665166	228.8003691	27.51166055	10.77085691	10.88163157	65.58454208	1.372660439	5.917698192	6.187499345	86.58389308	0.146834763	0	0	0	0	5.001114912			0	27.18144515	1.85794345	42.15611322	18.24569387	0.323362327	0.747507531	2.397625983	3.62404493	0.682355884	0.138978449	0	0.514867625	2.130061576	0	0	0	0	0	6.381269179	0	1.551895871	1.764798891	0	0.120098584	1.723766396	0.036982313	0	3.461362591	2.300412527	0	0	73.93816863	0	1.029556352	3.194259529	3.697511158	0	0.029378707	0	0.11990573	0.4705511	0	0.180082447
IL107	0	115.1242436	12.03949348	122.9408844	651.0791342	0	0	19.62729425	22.28791975	0	0	0	39.58028977	0	0	5.127398065	0	0	12.19334242			0	22.61847611	0	11.70041998	51.25440618	0	0	2.227960181	10.09394646	0	0	0	0	1.401892548	0	0	0	0	0.702898542	4.60769915	0.685256694	0.655527311	2.829549573	0	0	6.442749	0.029402246	0	4.0564083	8.707964354	0	0	53.36397413	0	7.935898082	2.980168307	2.350717451	0	0	0	0.111268233	1.414822962	0	3.828594208
IL108	0	141.7261987	3.768032505	167.7770801	625.1848345	0	2.084076987	22.50713353	17.51598072	0.100217002	0	0	9.665423865	0	0	2.764182723	0	0	6.906839474			0	22.95545518	0.487566059	21.56297263	47.03709427	0	0.301366777	1.836343216	4.263068754	0	0	0	0.001713732	0.663498913	0	0.175028333	0	0	0.715892137	3.73121693	0.020957361	0.77299925	2.986753168	0	0.046616532	2.611711043	0.299881155	0	4.66616523	8.222660724	0	0	65.53915258	0	3.910092863	2.22067604	2.420912046	0	0.263420409	0	0.068095841	1.259566428	0	0.959122398
IL109	0	143.2048561	3.104100992	172.2358918	649.8569344	0	0	10.35095167	0.167972871	0	0	0	10.41784444	0	3.293057851	0	0	0	7.368389896			0	33.08870656	0.448004688	19.16764954	38.34691197	0	0.167674588	5.688113456	0.748333826	0	0	0	0	1.524392653	0	0.218177705	0	0	0.602035018	0	0.378707203	0.185483229	0.028045471	0	0	0.321918791	0	0	27.92332933	8.259145813	0.006647742	0.443958796	54.56975469	0.376365492	3.006894347	3.301135189	0.651843058	0	0	0	0	0.504121459	0	0.042649387
IL110	0	170.1358332	6.2827108	184.8765115	575.4064954	0	0	18.60321499	8.52039367	0	0	0	28.43076246	0	1.051042962	0	5.896945888	0	0.796089151			0	18.51247297	0.06069293	22.21545065	51.0746757	0	0	3.789645042	1.943825109	0	0	0	0	1.704856534	0	0	0	0.591613023	0.106768039	3.966486518	0	0.539729236	1.829861524	0	0.070750843	1.978352765	0.263993653	0	15.67240558	10.9318177	0	0	54.56541193	0	3.591869722	2.281839632	2.377202061	0	0.075617431	0	0	1.425107564	0	0.42955384
IL111	0	137.3232968	18.18250445	107.9179095	657.157454	0.681147685	0	18.83249953	29.57577155	3.317705488	0.635317851	0	16.27314587	0	5.210350532	0	0	0	4.892896698			0	18.18929458	0.384007053	11.64007537	61.03882674	0	0	1.619608661	5.781857865	0.163945184	0.255189065	0	0	0.328907307	0	0.063659889	0	0	0.534628284	4.195901271	0.142724148	1.429489041	2.86258786	0	0.022237468	2.207067714	0.603165065	0	3.406441344	8.772168468	0.001798668	0.074493299	55.28811782	0	4.916199037	2.457390492	2.335587496	0	0.085095215	0	0.305951774	6.402799169	0	4.490784648
IL112	0	95.3956125	0.911231086	102.3841771	752.4662848	0	0	35.84656894	0	0	0	0	0	0	0	0	0	0	12.99612558			0	18.04524937	0	9.767804828	67.02283071	0	0	3.430830996	0.13079414	0	0.334718754	0	0.121385255	0	0	0	0	0	1.146385943	3.965929409	0.251448502	1.372347935	3.935541062	0	0.070878622	2.004754905	0.897910566	0	7.066096057	11.12206606	0	0	59.01358763	0	2.925120655	1.986581336	3.296412716	0	0.126606809	0.003626624	0.195232003	1.117070159	0	0.648788954
IL113	0	56.11090292	0.636839692	45.61553505	873.463043	0	2.882033534	10.04202766	3.109003754	0	0	0	1.162645589	0	0.252526852	0	0	0	6.725441964			0	6.726327012	0	5.104231384	84.89631576	0	0	1.725130968	0.740066198	0	0	0	0	0.408344372	0	0.021357536	0	0	0.378226766	3.303751647	0.010803779	0.295063913	1.128488815	0	0.018106407	1.645094358	0.204301678	0	31.06826247	4.781004471	0	0.013770267	50.6066742	0	1.881909308	1.4739854	1.930268422	0	0.021469447	0	0.266270757	1.078155861	0	0.272618804
IL114	0	239.4784128	0	226.0072334	480.4058976	0	0	8.571177375	0	0	0	0	0	0	36.21115821	0	0	0	9.326120631			0	27.79556206	0	15.75457327	51.6256492	0	0	3.897561563	0	0	0	0	0	0.099563959	0	0	0	0	0.827089945	12.53542636	0	2.014229469	3.836647686	0	0.081234649	5.466529095	0.357459203	0	8.461325703	7.992036078	0	1.12464549	42.85697275	0	1.695606698	2.250311235	6.686277161	0	0.433335858	0	0	1.815337428	0	2.392625134
IL117	0	154.8799686	2.860781396	81.59948996	725.3857914	0	0	8.296721206	1.481916294	0	0	0	6.427513529	0	0	0	0	0	19.06781762			0	22.15455536	0	11.76106623	61.51038669	0	0.432731758	2.472563545	0.972758212	0	0	0	0.067289607	0.144714944	0	0	0	0	0.483933657	4.848768316	0.200184839	0.738538381	1.963380021	0	0.102601344	3.279561618	0.263036112	0	7.830390521	4.695509229	0	0	67.84585553	0	0.733842068	1.253963662	3.712517198	0	0.040115222	0	0.102017428	2.294073234	0	0.095645279
IL129	0	71.64495842	14.84218886	112.8429923	713.2976099	1.824490791	0	7.280261639	41.25569929	0	0	4.827036694	14.02558846	2.309509306	0	0	4.884762216	0	10.96490205			0	11.01016452	2.006974245	11.37443169	67.9563302	0.435026438	0	1.228688153	3.855861907	0.11549754	0	0	0.120218091	0.867860616	0.140265135	0	0	0	0.88868147	3.959757072	0.004569328	0.424818133	1.032868225	0	0.058920559	2.775813824	0.215264412	0	35.17663223	4.124774421	0.13758698	0.05195474	43.32677231	0	1.60802245	2.097385656	2.404873186	0	0.035639675	0	0	1.240707815	0	1.323638993
IL130	0	67.18679382	30.00869448	36.90787225	812.1304353	0	0	9.920617726	9.666685681	0	0	0	9.299263861	0	21.18966449	0	0	0	3.689972407			0	10.07180842	0.132515384	7.480349375	77.25161721	0	0	2.612530593	0.231889269	0	0	0	0	0	0.078804428	1.910954021	0	0	0.229531296	0.168055243	0	0	0.017494934	0	0	1.033390722	0.023545795	0	39.59233358	6.438511682	0	0	46.81916673	0	1.259000504	2.584756885	1.039946196	0	0	0	0	0.986074392	0	0.037723339
IL135	0	158.7434202	13.87384046	579.2781315	174.8222191	25.55150314	20.39541493	3.477240335	10.68310008	0	0	0	9.032034962	0	0	0	0	0	4.143095278			0	16.87389401	0.396168476	44.70074565	14.30573671	1.91736635	2.271592057	0.503425568	4.29975744	0	0	0	0	4.692373177	0	0	0	0	10.03894056	5.194476053	0	2.71345824	2.137194361	0	0.020083513	2.40743243	0.300252129	0	28.7543966	7.216380868	0	0	38.35722385	0	2.58967734	3.095834058	2.39955856	0	0.206841261	0	0	3.963066321	0	0.644124419
IL137	0	77.37620779	5.148325901	277.1047595	207.0023826	0	0	0	161.1925824	0	0	0	80.28615398	0	0	0	0	0	191.8895877			0	18.18696696	0.039408136	13.37560892	49.33076135	0.614705023	0	0	14.21364808	0	0	0	0	0	0	0	0	0	4.238901535	0.085695307	0	0	0.016951338	0	0	2.453308592	0	0	9.827888589	1.567602441	0	7.643432786	61.32594552	0	6.022136279	2.186654699	0.427584369	0	0	0	0	0.648758222	0	7.794041855
IL138	0	184.44765	40.87557033	233.1340043	269.5430411	38.84242482	0	17.19871684	38.98242623	0.44648801	0	17.27065747	12.56306924	1.584360747	0.289782355	0	0	0	144.8218086			0	23.69590122	0.252625185	26.26645995	26.0500259	0.811234872	0	0.166644677	2.722923642	0	0.067974122	0	4.565354214	0	0	0.10058725	0	0	15.30026897	0.055190192	0	0.132233739	0.946569391	0	0	1.292564865	0	0	9.508366292	6.701705508	0	0	68.2273962	0	1.780140762	2.5221433	1.051991484	0	0	0.250073618	0	3.295523198	0	4.236101447
IL143	0	183.2154189	20.7331138	192.6421597	530.8322959	5.07808546	0.253802688	23.97473623	14.07909738	0	0	0	17.79286355	0	0	1.28288981	0	0	10.11553651			0	25.00101795	0.087610777	24.21937072	39.96876421	0.348795593	0.233855317	3.829103055	3.736999487	0	0	0	0	1.971586134	0	0	0	0	0.602896753	6.494216352	0.332633745	1.792481411	4.074343365	0	0.02809555	2.175536995	0.733694112	0	6.002218477	7.829038356	0	0	51.06902469	0	5.44161769	2.796052515	3.361347794	0	0.133762147	0	0.162102664	4.533843054	0	3.039991079
IL146	0	40.33164737	0.681116959	21.87963296	903.9380032	0	0	18.20670839	0	0	0	0	0	0	0	0	0	0	14.96289106			0	5.564919151	0	3.441787265	86.56093798	0	0	1.882732144	0.822927822	0	0	0	0	0	0	0	0	0	1.726695641	1.462605113	0.007244915	0.074662439	0.084271608	0	0.02585307	1.759180394	0.059601985	0	24.30620918	0.839016571	0	0.193521171	61.21551252	0	6.870097722	0.983938609	1.141905925	0	0	0	0	0.682949866	0	0.293428918
IL150	0	46.45476531	3.344692235	49.61048411	857.5953999	0	0	9.625162734	0	0	0	0	0.505848052	0	0.603025073	4.371900318	12.6364782	0	15.25224402			0	9.438270018	0	7.601123559	79.75200359	0	0	1.492856068	0	0	0	0	0.064397951	0.040021308	0	0.060305092	0	1.245612815	0.305409596	1.980932082	0.177231385	0.316664101	0.758486283	0	0.044845	2.014748504	0.188784504	0	14.61407624	6.58168272	0.15927867	0	61.82374681	0.072976249	4.271990644	1.793328733	2.598607933	0	0.036669337	0	0.222614165	0.709254741	0	1.634081892
IL157	0	62.39678911	0	31.78681192	890.2938734	0	0	8.647396778	0	0	0	0	0	2.064215817	0	0	0	0	4.810912946			0	8.607945881	0	6.509637297	82.22871687	0	0	2.517466157	0	0	0	0	0	0	0	0.086715396	0	0	0.049518395	4.433224089	0.269094607	0.448724792	0.878193901	0	0.065061924	4.17851497	0.185016488	0	13.34853207	7.817874665	0	0	60.52429119	0	2.804563748	1.135127024	2.772698827	0	0.013495361	0	0	0.928546928	0	0.197039417
IL165	0	117.2511108	21.13081563	111.1202868	696.020638	7.489922522	0	11.26631471	2.508475075	0	6.910587595	4.355666626	3.96557321	0	0	0	0	0	17.980609			0	15.58993343	1.111992452	12.97793234	65.26856099	0.005496178	0	2.480523485	1.08666347	0	0	0	0.193302932	0.888446608	0	0.195527734	0	0	0.201620382	2.508679329	0.559212	0.203180882	0.990052417	0	0.07265633	1.855946228	3.532595143	0	4.0049214	6.233818964	0	0	63.51584928	0	4.120623934	2.891972458	2.341111868	0	0.037550265	0.122612001	0	2.738735116	0	4.270482382
IL166	0	157.2256327	43.59501446	282.8497456	410.1401011	27.02842608	6.196589991	9.982823819	13.95979498	0	0	0	35.63548601	0	0	0	0	0	13.38638524			0	20.54233883	0.796397571	26.13454262	37.91998356	1.606911329	0.514146505	3.958142747	3.660902174	0.135913292	0	0	0	2.679883575	0	0.713509432	0	0	1.337328357	4.960379145	0	1.145943589	6.829021813	0	0.02237749	2.93810837	0.365149172	0	15.46513092	6.157241274	0	0.200366913	48.22406828	0	1.638100634	2.714380062	3.197667686	0	0.312385306	0	3.705785547	0.832954989	0	1.290938812
IL169	0	74.79371775	9.997182518	153.0473908	709.9481042	1.462351732	3.381324505	14.91360122	6.052873114	0	0	0	12.2902012	0.140307804	0	0.3293108	0.402033129	1.313594776	11.92800646			0	12.60009352	0.615501148	17.89959765	63.42746373	0.00532756	0.546258179	2.707157202	0.775360003	0.134193403	0	0	0	1.038449914	0.001010612	0	0.029683946	0	0.219903133	5.252874432	0.167412213	0.564348618	0.748879926	0	0.16319923	3.753608125	0.310324989	0	22.10356139	7.675287434	0.008232426	0.01665553	49.41856809	0.040567376	2.580615757	2.421985036	2.848149889	0	0.048177443	0	0.385202673	1.120083718	0	0.372265708
IL170	0	73.27012431	17.3308018	205.3227281	632.6388804	1.139464038	11.31336255	8.929602382	22.28590176	0	0	0	16.45267216	0	0	0	0	0	11.31646247			0	10.44856457	0.29128672	19.7360698	60.18311732	1.071275608	0.132535729	1.405208117	2.36219037	0	0	0	0	3.590259292	0	0.256999493	0	0	0.522492979	6.320462769	0	1.7946262	3.784165428	0	0.175954489	3.63206935	0.780695469	0	1.634480031	5.686451341	0.11929098	0.046817902	60.76599613	0	3.607548328	2.534918311	3.686535456	0	0.137298104	0	0.609452452	3.772389474	0	0.910847782
IL174	0	89.75841252	55.37235173	442.2394149	151.535693	88.34460893	1.308389334	5.719620295	55.49902312	0	0	19.79159015	23.34465566	0	1.438961925	0	0	0	65.64727837			0	19.75041023	0.44619684	36.7306515	16.96968962	3.106022013	0	0	10.23405053	0	0	0	4.11074487	3.165749864	0	0	0	0	5.486484538	0.950356215	1.285630043	0.942623954	2.650070877	0	0	0.941527824	0.169477854	0	12.9976044	7.864517616	0	0.123675862	54.32140196	0	3.639654178	1.979246458	1.178809251	0	0.033992598	0	0.113967861	3.78604893	0	7.021394109
IL175	0	40.90582778	31.91914431	292.1510865	459.5937957	0	0	6.746234095	0	0	4.634872715	117.0544066	3.317746967	1.196487725	0	0	0	0	42.48039763			0	11.93639159	0	19.36211722	45.89261847	0.411199598	0	0	2.619693497	0	0	0.342052037	13.9928955	0.156056052	0.225380505	0	0	0	5.061595539	16.03684362	0	3.017507286	2.583660196	0	0.455060062	5.747422712	2.834358141	0	9.786938679	4.989739965	0.459965634	0.030727481	35.45693716	0	2.716191061	2.562507784	5.56116632	0	0.28231777	0	0.125797778	6.371972668	0	0.980885675
IL176	0	137.2877524	30.59048686	375.2891379	326.6304452	40.49694558	0.102007287	8.693048872	42.83433677	0	1.491873084	0	30.10823919	0.486232289	0	0	0	0	5.98949456			0	20.35212117	0.555489694	36.94849236	30.03302279	1.15924697	0	0.288614723	7.900776146	0	0	0	0	2.67797729	0.069583485	0	0	0	0.014675372	2.581088303	0.660345411	1.032235942	1.366497162	0	0.039648298	2.618214622	0.33514014	0	12.48639736	5.67124229	0	0	59.52715028	0	1.995318194	2.496171697	1.739524858	0	0.003195559	0	0	1.828713674	0	5.619116207
IL179	0	169.5330875	46.17221706	534.4607822	56.7724396	59.04284185	0	16.70358942	10.2515511	0	0	95.55358128	11.50990997	0	0	0	0	0	0			0	22.61424193	0	48.96106732	4.554902341	4.286865104	0	0.413383322	2.154558913	0	0	0	15.91890646	1.096074616	0	0	0	0	0	4.671139676	0	0.122009971	0.267724506	0	0.015840264	1.673156984	0.05687949	0	5.604782247	3.215853305	0	0	73.9765695	0	0.880596596	3.469383043	1.986871988	0	0.013002345	3.637014548	0.073068326	0.336107206	0	0
IL182	0	93.93654077	51.92324126	400.7930494	212.6257403	48.74533605	3.638480057	10.12399368	59.97032993	0	1.121513388	0	42.25133684	0	0.08756519	0	0	0	74.78287312			0	15.07433104	1.254715469	40.24472221	21.80964463	5.279993757	0.865156744	1.236681774	7.011103881	0.048176308	0	0	0.138248336	2.17003912	0	0.364582797	0	0	4.502603935	11.22553573	0.059809218	1.570680751	2.404984547	0	0.222612597	3.468795911	0.809050394	0	6.982198353	6.740369534	0	0	52.72744416	0	3.034725415	2.457081482	4.350377767	0	0.141538557	0	0.120469268	2.825722739	0	0.858603577
IL195	0	128.308858	47.75457907	442.2263469	207.4538813	17.28977211	0	15.57768962	69.86240645	0	0	0	28.5342688	0	0.604969685	0	0	0	42.38722801			0	25.39113475	0.039431758	35.49290109	24.27072712	1.654915751	0	2.24203518	5.761014979	0	0	0	0	0.252536071	0	0.038636222	0	0	4.856667075	4.395869538	0.070861383	0.683236614	0.859995571	0	0.025718208	3.678116451	0.363275076	0	10.09585775	5.541452976	0	0	50.7801916	0	5.883722711	3.402437833	2.271917644	0	0.00357072	0	0.152433076	8.138935152	0	3.6524077
IL197	0	226.3547616	13.13903149	297.7279453	399.847186	0	0	9.634259863	24.04212309	0	0	0	27.86185886	0	0	0	0	0	1.392833793			0	21.26628968	0	28.69867162	38.49853154	0.343346679	0	2.532674226	4.452764408	0	0	0	0	4.207721845	0	0	0	0	0	7.840393496	0	0.788649913	0.993301385	0	0.120435548	4.619301043	0.185914774	0	17.08513281	5.0600687	0.564983659	0	51.02095661	0	4.937035338	2.713409966	2.293179207	0	0.031058102	0	0	1.232889066	0	0.513290376
IL199	0	188.2188027	59.93097058	477.0608775	123.9425364	71.84002992	8.966077508	22.98341797	16.21938806	0	0	0	30.47063788	0	0	0	0	0	0.367261556			0	32.43372415	0	44.15365565	13.82158055	1.00730668	0	1.417868756	6.901117977	0	0	0	0	0.264746233	0	0	0	0	0	3.997810234	0.547566436	1.212582891	0.437664555	0	0	3.041500091	1.973714663	0	1.455151774	7.574711535	0	0	66.32689164	0	2.464350388	3.663094479	2.120694951	0	0.09414622	0	0.414628742	2.067240984	0	2.608250413
IL201	0	103.7712765	49.73241005	367.7954302	396.7500144	16.23970975	0	14.26255268	5.528029019	0	0	20.75745666	25.16312077	0	0	0	0	0	0			0	24.52119215	0.085477654	33.00658676	32.72061598	0.149515155	0	0.308541032	1.962762976	0	0	0	2.211515655	3.708939504	0	0.986461574	0	0	0.338391564	3.738092454	0	0.672662315	0.704451609	0	0.02289989	2.546093327	0.278767407	0	6.316755833	2.991392537	0	0.383569009	73.40638045	0	1.628245886	3.006571332	2.672676168	0	0.016413927	0	0.259509352	1.232112048	0	0.123406458
IL202	0	124.3429222	74.74846293	452.0468594	187.0256035	49.78283876	0	10.64975743	13.57056235	0	1.036989715	0	83.25650532	0	2.662732222	0	0	0	0.876766289			0	18.33711881	0.332240897	46.78576299	18.83578888	3.412538981	0.004032932	0.423350971	3.780362071	0	0	0.838673205	0	7.119777993	0	0.130352266	0	0	0	4.013001961	0	0.906278173	1.152392471	0	0.022352317	2.289398764	0.130110867	0	22.57872199	6.232681377	0	0	47.51504618	0.028528256	2.299349895	2.810731252	1.364836456	0	0.022510879	0	0.308755777	1.995467972	0	6.329835408
IL203	0	130.2783281	67.01948718	462.4209567	189.4284632	26.25542559	0	7.780540676	78.46779485	0	0	0	37.32020394	0	0	0	0	0	1.02879977			0	18.50905109	0.473116578	46.73808108	17.44122191	4.956306806	0.022502399	0.323291299	9.620744397	0	0	0	0	1.320000739	0	0.384079268	0	0	0.211604437	1.376840778	0.468505722	0.175711551	0.057045407	0	0.027410485	0.690099664	0.058175907	0	4.995919532	4.465282193	0	0	75.85944186	0	2.645376117	2.430365823	0.733224467	0	0.009144057	0	0	1.926159928	0	4.081296509
IL205	0	114.795236	30.95588477	316.2954328	467.8518585	0	0.056672803	1.072439066	22.65937903	0	0	2.095345983	15.48209737	0	0	0	0	0	28.73565369			0	12.25983511	0.261160631	32.97604067	46.63205926	0	0	0.78156053	1.971297309	0	0	0	0	2.412515634	0	0	0	0	2.705530859	3.740494511	0.396675361	0.439075508	1.593693467	0	0.138065634	3.641974128	0.249269135	0	13.73467949	4.029007188	0.315254518	0.043079353	61.10875465	0.118683866	2.883783589	2.49156376	3.49307356	0	0.03140418	0	0	1.293566784	0	0.257901314
IL290	0	55.57054587	8.623636533	125.5816355	781.3514189	0.220685196	0	12.56756901	0	0	0	0	0.246514742	0	2.831178702	0	0	0	13.00681555			0	7.123208292	0.062508858	15.46357969	75.05641144	0	0	1.984959395	0.018896927	0	0	0	0	0	0	0.2904354	0	0	0	5.716174071	0	0.300250706	1.470783642	0	0.078894666	5.58426801	0.254291459	0	9.09990845	12.23492225	0.006670979	0	51.73416693	0	6.126304838	1.724621054	3.696695183	0	0.09485879	0	0.109052411	1.244016817	0	0.524119745
IL291	0	193.0903912	102.0683596	320.0718971	169.6991437	65.17477511	0	3.082060263	100.3181158	0	16.15629669	0	8.861786978	0	0.634884971	0	0	0	20.84228855			0	23.6862431	1.350663991	42.6549389	14.83174103	5.344001496	0	1.510732464	10.05296272	0	0	0	0	0.434948742	0	0	0	0	0.133767571	0.388381284	0	0.956701659	1.106106219	1.029490526	0	0.75074133	0.109349688	0	0.357375552	7.73698318	0	0	75.70605157	0	2.313013198	2.39133157	1.035920997	0	0.100320675	0	0.266821515	5.515141092	0	0.236269947
IL292	0	94.99381862	34.00463833	168.8881862	622.2784202	4.767709096	0.269730381	8.017621917	36.14660124	0	0	0	18.36011346	0	0.277496133	0.240879989	0	0	11.75478443			0	14.79525405	0.182264969	18.49189737	59.82930006	0.704708159	0	0.511293858	3.874204865	0.124036344	0	0	0	1.02222557	0	0.050808345	0	0	0.414006404	3.461236211	0.007096061	0.769740495	4.376101516	0	0.010325237	2.930062906	0.264672397	0	1.18174159	6.480094694	0	0.622697686	67.13755263	0	2.990903244	1.813382831	2.723315436	0	0.124269025	0	0.086255006	4.574655542	0	0.445897493
IL296	0	109.8501987	24.94516892	166.6547285	589.8473319	5.486139825	0	9.772744578	36.53186683	0.151116566	0	0	32.61670301	0	0.049306222	0.292885892	0	0	23.80180904			0	13.55079656	0.596784715	17.14341253	57.87134857	0.15324262	0	0.558830713	6.255352764	0.000119867	0	0	0.049388664	1.313671419	0	0.953684647	0.011430691	0	1.541936232	6.582797737	0	0.976858691	2.169746561	0	0.12767263	3.810662859	0.458821361	0	8.379277588	5.090616566	0.365729323	0.393123899	59.41722864	0	2.436220777	2.272371467	5.273500556	0	0.189665493	0	0	1.32818775	0	0.727518105
IL297	0	191.3337839	0	89.00183725	675.4417323	0	0	32.76083975	0	0	0	0	10.43162862	0	0	0	0	0	1.030178226			0	16.20465715	0	13.04372072	67.33908831	0	0	3.213035383	0	0.199498434	0	0	0	0	0	0	0	0	0	2.674747855	0	0.470402353	5.511743672	0	0.009455051	4.990425792	0.247535135	0	12.19055674	5.804063949	0	0	61.80270916	0	1.698040561	1.779143328	1.662564198	0	0.726094649	0	0	0.432517551	0	0
IL298	0	109.0996261	3.651693492	224.499775	616.6198552	0	10.06496508	6.590470216	0	0	0	0	11.54503678	0	0	0	3.718250392	0	14.21032767			0	20.87314646	0	15.47849633	53.02343093	0.034854119	0	3.143749359	4.58444273	0	0.750408901	0	0	1.899992512	0	0	0	0	0.211478652	2.404718525	0.112900257	0.78044149	0.303456978	0	0.051454355	2.560717315	0.048543367	0	31.66096489	3.679201	0	0	47.41914039	0	4.58282866	2.27164561	2.28870016	0	0.006093409	0	0.596521303	0.961846128	0	0.270826166
IL304	0	107.4075411	57.43909332	508.1035865	172.1662932	52.71619358	0	1.854248424	36.63546755	0	0	0	54.39557576	0	0	0	0	0	9.282000526			0	30.86721701	0.996234426	46.28853976	9.156286754	1.672097059	0	0	10.12355301	0	0	0	0	0.896071979	0	0	0	0	0	6.032861829	0	0.575635186	5.747943628	0	0	3.835335346	0.129176658	0	4.434237633	5.469361388	0	0	66.29279729	0	0.903012594	2.369417122	2.797156351	0	0	0	0	1.252750286	0	0.16031469
IL305	0	117.5344197	55.33363444	364.6409354	315.4407636	77.02362591	0	4.523628804	14.62432884	0	8.104733825	0	20.21635438	0	17.75699323	0	0	0	4.800581861			0	18.02864854	0.625016104	35.08138123	34.33450266	4.940302635	0	0.491510226	3.975720319	0.064045738	0	0.017709585	0	2.351899201	0	0	0	0	0.089263756	1.145216044	0.076064403	0.101826307	0.936737544	0	0.08791964	1.654431578	0.07390898	0	10.60294035	2.904328144	0.167364434	0	73.11679083	0	4.563209801	2.37812402	0.781724304	0	0.02755112	0	0.033232765	0.902956306	0	0.445673434
IL306	0	54.92603019	74.47435869	334.4991711	340.2295145	85.29859217	0	10.12636839	30.19590839	0	0	0	53.12341376	0	0	0	0	0	17.12664283			0	6.960104936	2.771717237	39.52150534	37.02219473	8.6613873	0	3.639659784	1.155475393	0.019727351	0	0	0	0	0	0	0	0	0.248227928	12.54669803	0	4.047765576	7.837740149	0	0	4.291888856	0.010470918	0	5.541185078	3.948114788	0.344014335	0.341602229	44.37141463	0	3.071447474	1.826257955	5.098011799	0	0.082754414	0	1.397298896	4.524391771	0	0.718943107
IL307	0	48.33993581	6.34974509	57.76075107	866.7304273	0	0	8.117209225	2.627993618	0	0	0	0	0	0	0	0	0	10.07393785			0	4.966738853	0.035806527	5.95513713	86.99069735	0	0	1.040231594	0.278659722	0	0	0	0	0	0	0	0	0	0.732728822	3.909942147	0.19791337	0.297676477	0.498790797	0	0.053199664	3.392921282	0.557130598	0	28.03602343	6.403644215	0.039498982	0	49.21186656	0	2.00753915	1.898142563	2.135420104	0	0.037902529	0	0.020475781	1.205459806	0	0.096452546
IL308	0	101.4031602	47.79582023	298.4792508	384.7328817	27.53207653	0	7.914267594	89.30327872	0	16.96200334	0	13.58430686	0	0.024132752	0	0	0	12.26882125			0	20.25276616	0	31.19657746	32.7137906	2.555544829	0.464842468	1.408400034	8.678336656	0.443475728	0	0.615154755	0.339604305	1.079935932	0	0	0	0	0.251571079	2.189634073	0.043122475	0.28471523	1.283931032	0	0.022221071	2.627465786	0.308776271	0	5.562665207	7.86912356	0	0.029713523	67.62065271	0	1.585095375	2.336177449	1.923144762	0	0.022924808	0	0	5.70678188	0	0.583854788
IL313	0	36.60203264	17.42819707	33.92556402	882.7236023	0	0	5.93172072	9.152070792	6.082609486	0	0	3.122172276	0	0.000640008	0	0	0.521924184	4.509466518			0	4.618067967	0.702216311	3.293810746	88.33482438	0	0.096491881	0.212095597	0.929321786	0.053649556	0.330463376	0	0.214089941	0.473445662	0.294779068	6.57876E-05	0	0	0.446677942	4.2382299	0	1.268850363	1.370415161	0	0.171886383	1.786589736	0.474704668	0	1.442164325	5.933865614	0	0	70.3932588	0	4.086016967	1.506735965	1.661572153	0	0.077516072	0	0.543694464	4.767034249	0	0.277465181
IL315	0	67.03015499	13.66562094	73.47800659	799.2948505	0	0	7.260789524	0.688321588	0	0	0	0	0	1.174984868	0	24.78933768	0	12.61793332			0	8.554728574	0.49812131	9.44461139	76.78048845	0	0	0.88695218	0.798422091	0	0	0	0	0	0	0.082836188	0	2.518469093	0.435370723	6.221177331	0	1.015841401	2.113322064	0	0.09729182	4.242566723	0.502592797	0	14.88967814	7.359661022	0.742453073	0	48.6423161	0	3.850759252	1.638485107	3.127133189	0	0.036458925	0	2.328569788	1.829918629	0	1.361774639
IL317	0	36.71391312	13.13033299	94.3894888	703.5233387	0.128958509	19.36439478	22.68870659	8.283389539	8.026127022	0	0.027795997	14.88075954	0	0.634434483	0	51.81770161	3.505022044	22.88563628			0	8.199752435	0.117055705	12.11110854	69.86520636	0.024991063	0.008491212	1.577242819	0.060213885	0.371759776	0.876246269	0	0.065192974	0.978896891	0	0.051039961	0	5.154886808	0.537915313	4.689030155	0	3.482566525	0.464409916	0	0.100072549	2.426954753	0.586550243	0	33.81219885	4.529105285	0	0.315630825	37.55758483	0	2.419759378	2.375278959	2.261354839	0	0.16560643	0	0.215170741	1.211519055	0	3.387206673
IL320	0	66.81491839	25.85555059	327.1200075	431.7735355	0	0	0	83.89732874	0	0	0	50.54287397	0	0.000613793	0	0	0	13.99517151			0	21.00230118	0.522922633	24.43100349	43.73959386	0.576839913	0	0.011833827	8.463869367	0	0	0	0	0.54909989	0	0	0	0	0.702535837	5.582383127	0	1.027253761	1.412096598	0	0.0384158	5.581202306	0.208797336	0	23.88650947	3.075656802	0	0.354458465	48.73679624	0	1.641416698	2.158858323	4.699563922	0	0.043685378	0	0	1.098765403	0	0.454140377
IL321	0	128.7662264	73.73664286	292.1381555	312.7596396	48.50524854	2.118613751	2.956289064	85.33308468	0	6.011204484	0	37.29129543	0	0	0	0	0	10.38359969			0	17.53397724	0.163276568	39.43734722	26.66853075	2.232658543	0	0.048505775	9.310726584	0	0	0	0	4.586068209	0	0	0	0	0.018909119	9.86793107	0	1.645848148	0.558335205	0	0	5.448837533	0.213784355	0	4.223948037	1.917344971	0	0	63.32867805	0	1.734869699	2.971204894	5.965371678	0	0	0	0.351506973	0.705257548	0	1.067081844
IL322	0	54.94804256	56.21149067	605.5871831	24.55046289	127.1707713	0	10.44842782	5.375905684	0	26.23511045	1.471657323	87.19362777	0.807320462	0	0	0	0	0			0	9.831194981	3.059758215	57.4121248	2.291750214	14.49431851	0	1.014322763	6.252780856	0.896456025	0	2.765315465	0	1.981978173	0	0	0	0	0	0.029791741	0	0.189896335	0.318095671	0	0	0.458242129	0.08025216	0	3.296362208	0.566275419	0	0	80.45529804	0	4.216653762	3.118244796	3.295338569	0	0.053883484	0	0.650765691	3.210333354	0	0.060566645
IL323	0	92.0695737	85.34420362	246.2072125	405.831373	58.19496532	0	9.219571682	33.08017702	0	6.320298747	24.22188477	29.6314151	0.658412838	4.585506852	0	0	0	4.63540492			0	10.85115855	0.638959657	31.35917196	44.24945921	3.354442578	0	0.048613813	5.571303468	0	0	0.724057767	0	1.202461527	0	0.45945006	0	0	1.540921409	0.012987857	0	0.006090677	4.980165898	0	0	0.110037528	0	0	0.214591923	9.800554157	0	0	79.49852029	0	2.3427866	1.219392449	0.204367111	0	0	0	0	1.374777892	0	0.235727618
IL324	0	151.9876	20.51518976	248.8090982	464.960098	45.71344923	0	11.65482237	1.763212449	0.659044748	4.652682904	0	38.70625115	0	4.937399451	0	0	0	5.641151829			0	15.92980062	0.387700566	26.47033979	46.5925071	4.526304202	0	0.633766746	0	0.100743465	0.125679843	0	0	4.976809704	0	0.256347977	0	0	0	3.588939389	0	0.73695785	0.197679732	0	0.007151427	2.623041275	0.132678202	0	37.20415478	4.258936192	0.660032029	0	39.81292993	0.277647925	3.363550621	2.174172318	2.176499246	0	0	0	0	2.406436404	0	0.37919268
IL427	0	141.3042738	17.47364959	357.9544512	342.5421028	14.20339904	0	11.68541487	50.71800043	0	0	2.611630602	46.38500487	0	2.079632314	0	0	0	13.04244052			0	15.46799889	0	39.81237546	33.74855708	0.580634386	0	3.549081079	4.207809218	0	0	0	0	1.378624415	0	1.04315367	0	0	0.211765803	5.253677169	0	1.250625885	0.705293357	0	0.064324976	4.517582962	0.289082974	0	6.227245925	2.510853322	0	0	71.68517843	0	0.624773592	1.947522837	4.02122234	0	0.007284154	0	0	0.630629901	0	0.264702174
IL428	0	70.76320429	38.94633456	332.3595385	420.3719282	79.09957473	0.553413255	4.823922889	17.67394728	0	0	0	26.68378602	0	0	0	0	0	8.724350253			0	12.4714415	0	32.71323018	39.74415766	7.693060213	0	0.290596815	5.389803896	0	0	0	0	1.697709739	0	0	0	0	0	0.161898198	0.96571314	0.060086395	4.667445189	0	0	1.676877545	0.024508064	0	9.636874765	4.771954334	2.588713939	0.207920586	63.18885653	0	2.40877634	2.403941716	2.925323018	0	0	0	0.367791271	0.674500257	0	3.268818714
IL429	0	117.3046063	39.64187525	352.1571294	324.9756209	49.08640341	0.742189994	11.84126921	21.3776223	0	0.975906413	0.145308191	76.77769392	0	0.246315107	0	0	0	4.728059587			0	15.21932475	0.238717248	33.83743395	28.65566679	4.275502341	0.239025431	2.575844471	5.523386442	0	0	0	0.031254356	8.315466397	0.074850206	0.167376632	0	0	0.846150989	5.150527471	0.424392263	1.465353893	3.505117684	0	0.089590388	4.113289596	0.968918974	0	7.990034252	3.510759563	0.135115429	0.116712982	60.11946952	0.151556809	2.638318622	1.936383724	3.43982931	0	0.060803802	0	0.078245736	2.29631846	0	1.809261522
IL430	0	161.8344605	35.18752033	306.6389051	342.1769729	44.04946144	0	21.78084124	44.40729312	0	0	8.034886971	33.59846761	0.379100248	0.384348909	0	0	0	1.527741635			0	14.94107087	0.961496715	29.91816321	29.27676114	3.683437347	0	1.884750518	8.397317358	0.093934826	0	0	3.435103471	4.118365052	2.550859306	0	0	0	0.738740189	9.485622807	0.001800403	0.415952378	2.946177807	0	0.170929808	7.605441114	0.831918534	0	4.434239443	3.996884637	0	0	60.12273919	0	2.551947582	1.651948577	4.662601781	0	0.0069881	0	0	0.681050752	0	0.433757089
IL431	0	121.084743	72.4960449	461.8226695	153.967852	3.947488512	5.966639352	17.55686354	48.28634247	0	0	0	66.81614868	0	0.074741967	0	0	0	47.98046615			0	21.01450217	0.240825321	48.85937425	12.87609547	0	0	2.16961524	9.956465412	0	0	0	0	4.572835218	0	0	0	0	0.310286922	0.558356835	0.061145816	1.776666797	5.233545917	0	0	0.792245469	0	0	12.10492095	2.863748269	0	0	58.13727192	0	10.89305367	1.57546177	0.619452466	0	0.627491893	0	0.396573897	1.332061223	0	3.028003107
IL434	0	179.9561992	45.01294479	309.0515096	247.590492	9.406820225	0	15.59100493	75.05779398	0	0	0	53.7309649	0	1.62107149	0	0	0	62.9811989			0	37.87096544	0	27.58693892	22.27287028	0.681841078	0	0.60423093	8.424216378	0	0	0	0	2.558936964	0	0	0	0	0	1.932422479	0.018332497	2.695244009	1.964617121	0	0	1.481586312	0	0	2.116047571	17.30478489	0	0	63.44330276	0	2.15161427	1.612877813	3.604624131	0	0	0	0	1.222538689	0	0.452007465
IL435	0	145.3272373	12.22104598	180.7000065	587.1937102	11.83699611	0	18.51028278	42.39925085	0	0	0	0	0	1.052254207	0	0	0	0.759216116			0	17.48670679	0	19.99581262	51.84110238	1.603361832	0	0.875563133	3.19594825	0	0	0	0	0	4.882724103	0	0	0	0.118780889	3.045279657	0	1.374456206	1.954264569	0	0.02965638	5.446899007	0.358766758	0	11.65397936	2.864439909	0	0	64.26691362	0	2.350740652	1.921679149	3.576088241	0	0	0	0	0.698915536	0	0.457920961
IL436	0	78.25282922	29.89851108	311.5373378	278.1973532	24.99925623	0	15.38076436	119.3484806	1.707060047	0	2.917921205	122.1137565	0	0	1.130436872	0	0	14.51629281			0	14.65508643	0.294940729	38.6649502	26.96656775	0.942026267	0	1.549140025	7.026329493	0.750060714	0	0	0.3153558	8.333538054	0	0	0.114028618	0	0.387975917	10.26313561	0.497145855	1.236446413	1.798247856	0	0.250749618	3.806126659	0.488382735	0	8.023203177	9.104191428	0	0	48.95141296	0	6.733900937	1.648663869	4.52353363	0	0.064370945	0.070429905	0.227851471	1.672245603	0	0.639961321
IL446	0	113.2640246	59.88052998	273.2705522	423.4901611	1.179346988	7.860458102	18.0212733	48.44745892	0	0	0	27.85773876	0.768071457	8.524193313	0	0	0	17.43619125			0	16.98177845	0.848772617	27.34656784	38.1236531	0.596897888	0.191882424	2.317238365	6.841649974	0.115895396	0.167104806	0	0	3.96735236	0.217101822	0.306168348	1.354298104	0	0.623638507	4.448476903	0.176017413	0.341036134	1.416883232	0	0.072552063	4.614740365	0.310504457	0	4.795898675	6.804112963	0	0	67.90953296	0	2.960993325	1.566142154	2.681156638	0	0.028914158	0	0.255550287	1.496845411	0	0.120642859
IN_01	0	37.0076675	106.8271364	184.1618462	480.4539165	34.13017481	17.69492214	7.407062442	96.48080467	0	2.61049987	4.049374165	8.860232418	2.100507667	0.261246866	0.41094314	0	0	17.54366518			0	5.701270357	4.827937703	24.97501138	49.90521939	4.121096399	0.090814448	3.369132151	4.109579278	0	0.043555775	0.401504023	0.568705517	1.726479642	0.006759145	0.005358145	0.091775025	0	0.055801623	0.849926392	0	0.650348011	0.836729575	0	0.007562492	0.71658454	0.196231796	0	3.618985591	10.46194297	0	0.190945674	20.69038499	0	4.273498088	1.469413798	2.18998437	0.440945715	0.019340851	0	0.041358783	52.44061383	0.164644215	0.740558317
IN002	0	140.9920197	39.21073296	249.3355926	442.3822724	0	26.96238739	20.02754224	18.1493505	0	0	0	0	0	0	0	0	0	62.94010223			0	17.60775314	0.148681889	26.98654813	43.85878283	0	0	4.344877926	6.015604728	0	0	0	0	0.641680103	0	0.396071252	0	0	0	3.207729391	0	0.663823435	3.378517946	0	0.037547708	1.764818922	0.481305931	0	4.608046623	2.826346245	0	0	6.435058828	0	2.352475152	1.162148178	7.646260139	0.402005981	0.66858684	0.799002671	2.571268973	60.72820833	0.103948629	0.162900082
IN004	0	91.27245887	0	504.1068008	389.3144432	0	0	0	0	0	0	0	0	0	0	0	0	0	15.30629717			0	8.986485749	0	20.56727398	37.09496768	0.655032367	0	0	31.90317314	0	0	0	0	0	0	0	0	0	0.79306708	2.551570116	0	0.936396642	3.141730724	0	0	1.400430296	0.405872386	0	8.962545737	4.551431917	0	0	14.13232376	0	1.846480264	1.677063223	5.089189986	0	0.183789743	0	3.345008853	51.08201348	0.685735266	0.008417608
IN005	0	15.30385358	135.8034405	382.3980244	102.5913948	98.40204226	2.290093545	3.734235651	222.9390199	0	0	16.25684252	14.27297476	0	1.033060892	0	0	0	4.975017172			0	3.07820032	6.556869281	37.13228495	10.59231441	9.276047802	0.151596727	0.968337855	26.53702009	0.059794999	0	0	2.188718387	3.357254918	0	0	0	0	0.101560265	2.19501278	0.222670716	0.090634613	1.300904367	0	0.131140356	2.269291044	0.293662369	0	18.34342709	11.5891315	0.000608761	0.002951058	50.81917802	0.014279369	3.733606529	1.734438964	1.777520146	0	0.027497182	0	0.16837305	4.218549877	0	1.0671222
IN010	0	43.76724018	59.29449738	442.4454355	15.58844132	217.7742979	1.112439321	1.807750657	185.7930719	0	0	17.89731795	14.51950794	0	0	0	0	0	0			0	8.868696075	0.949238588	41.72167474	1.628317305	22.63530783	0.027535222	0.046249169	21.66379161	0	0	0	1.505086987	0.954102472	0	0	0	0	0	3.817036242	0	0.19455796	1.148168181	0	0.019795309	6.535914044	0.156703483	0	2.76515474	7.732156528	0	0	69.94396547	0	1.542454301	2.322182563	2.379282398	0	0	0	0.625751768	0.729114193	0	0.087762818
IN011	0	104.1709206	18.18708061	158.62008	626.7365713	0	1.03755263	15.20306894	66.95247964	0	0	0	2.607667556	0	0.054790106	0	0	0	6.429788618			0	13.56108942	1.40155075	14.34008945	61.55717633	0	0	1.774385729	6.217465669	0.122871648	0	0	0.114119019	0.224692182	0	0.519672938	0	0	0.166886867	3.156005425	0.154190497	0.178309532	0.476677746	0	0.032475708	2.256612125	0.116795462	0	17.14133011	7.754310063	0.001990917	0.031791451	55.6618852	0	5.511077624	1.336884785	3.442297907	0	0.013248216	0	0.115451814	1.905122545	0	0.713542875
IN013	0	52.16576863	32.07070256	201.5677235	506.2257443	8.109295223	0	11.9899936	149.7173708	0	0	0	23.38521723	8.444461552	0	0	0	1.071668614	5.252053995			0	7.046464218	3.519946526	29.97622004	29.6387756	2.498155215	1.13854816	1.542636146	17.44915897	0.136753344	0	0	0	5.636219579	0.099838895	1.317283303	0	0	0	5.152716403	0	0.982219695	1.369784747	0	0	1.917984488	1.06942116	0	2.407799678	11.89633488	0	0	50.80130055	0	4.585897058	2.622351893	4.675740077	0	0.361931044	0	0.14767498	10.05187065	0	1.956972702
IN022	0	146.9493811	39.86413554	367.0290444	290.350941	0	0	13.4316847	139.7801636	0	0	0	0	0	0	0	0	0	2.594649691			0	16.67427324	2.343847586	25.59276979	28.2462578	0	0	0	24.87096696	0	0	0	0	2.271884623	0	0	0	0	0	2.261526627	0	0.388913856	2.17384607	0	0	1.508399459	0.448356205	0	2.444485152	4.912980432	0	0	71.10634169	0	1.229351608	1.967057936	2.694306904	0	1.751105285	0	4.96288E-05	1.866434042	0	5.246845105
IN023	0	173.5209636	19.53922882	169.9395184	548.2585903	0	0	28.17086189	24.66229478	0	0	0	0	4.942705702	0	0	0	0	30.9658366			0	14.35914022	1.437683053	12.1902867	49.86521653	0	0	5.525619707	10.18049126	0	0	0	0	4.427224634	2.014337896	0	0	0	0	5.701033156	0	1.527270764	0.504387572	0	0.091960924	1.220029236	0.175611472	0	17.49843022	10.07862495	0	0.109470251	48.31184222	0	5.377271628	1.085258061	3.790254623	0	0	0	0	4.029095741	0	0.499459183
IN024	0	36.32514955	96.35813214	380.3247956	67.30492944	109.2774534	12.16025002	0.096659513	256.3474102	0.103433907	0	19.10648473	17.20028785	0.161994944	0.670603229	0	0	0.699332057	3.863083426			0	4.894264935	4.835498933	38.9748888	5.568865277	9.393289316	0.941344702	0.684972843	29.32534167	0.370654424	0.013606437	0	2.176310067	2.323786165	0	0.085142136	0	0	0.412034294	3.512000115	0.063950629	0.929081486	3.223622562	0	0.030710622	5.55128961	0.305735454	0	6.511588094	7.104313999	0.069572384	0	60.96750516	0	3.647078569	1.892480152	2.980285134	0	0.138786692	0	0.293350815	2.122805875	0	0.655842649
IN031	0	116.2124034	17.70677588	127.3601276	687.333435	0.198161016	0	33.90220045	7.986377168	0.714667065	0	0	0	0	1.368015218	0	0	0	7.217837273			0	11.67730479	0.128329195	12.0682891	67.74429831	0.019810772	0	2.322389078	3.874237633	0	0	0	0	0	0.147892834	0	0	0	2.01744829	2.853905232	0	0.235042585	0.783654164	0	0.053251914	2.685912547	0.329467822	0	27.14041056	11.15022579	0	0.140543989	45.19457121	0	3.348221669	0.974430455	2.470567639	0	0.139941737	0	0	2.302874333	0	0.196978347
IN032	0	54.62953	13.71912465	83.98011651	792.4451128	9.601015085	0	4.186545783	19.4105728	0	0	0	8.755594286	0	0.231580091	0.632218833	0	0	12.40858918			0	4.793811669	0.129914478	8.233430997	79.6020131	0.46220598	0.429721725	0.896535739	3.461881537	0	0	0	0.68474529	0.678223995	0	0.267713018	0	0	0.359802474	3.68051768	0	0.858344626	2.272763885	0	0.048062283	4.929818129	0.352598443	0	1.561215521	12.27207066	0	2.215226221	55.00764835	0	4.072826098	0.960525474	2.81432991	0	0.243241566	0	0.001200779	7.04434123	0	1.665269145
IN033	0	72.55216728	18.84848371	107.3085289	763.201934	0	0	0.350553381	0	0	0	0	25.69603414	0	0.519646022	0	0	0	11.52265254			0	10.70092495	0	11.92031492	77.37876013	0	0	0	0	0	0	0	0	0	0	0	0	0	0	1.005281531	0.513312471	0.228127114	1.536665557	0	0.090828046	6.2964616	0.040157045	0	1.015621637	15.03259345	0	0	62.86994089	0	2.497609383	0.455526219	3.24560732	0	0	0	0	5.052029496	0	0.120238244
IN034	0	101.4691396	100.7442599	302.6902009	133.391243	33.92625369	6.131104069	3.621999338	166.0744478	0	0	89.03487477	44.11138793	0.624723058	5.941620331	0	0	0	12.23874551			0	14.88038152	2.811662606	33.7429012	12.00278658	3.525317701	0.62775349	0.812523765	17.23512851	0	0	0	10.72545832	2.372102088	0	0.61553707	0	0	0.648447145	3.33802495	0	1.642960619	1.467511084	0	0.092750952	4.362628148	0.303229676	0	2.429864616	7.112102907	0	0.066257039	58.31318129	0	6.797235431	1.874537571	2.546933785	0	0.199151439	0	0	7.525014784	0	1.92861571
IN036	0	53.15768347	96.74701534	281.7516549	243.8940563	9.26941448	0	2.962636845	273.8511258	0	0	6.45780045	16.59794716	0.389801122	0.57024	0	0	0	14.35062418			0	7.374265103	5.065441511	31.02686303	26.73903504	2.349891069	0.012080185	0.525822731	22.4019733	0	0	0	1.652580948	2.472578685	0	0.379468405	0	0	0	5.720582234	0	2.109776981	1.032154509	0	0.068205939	4.457840899	0.435650552	0	9.607271268	6.321608078	0	0	51.32509224	0	3.745520144	1.59121746	2.610997382	0	0.266249088	0.005743605	0.18603024	10.11320539	0	0.402853984
IN037	0	101.4814339	35.94227377	302.0060628	442.4104304	0	2.063432014	39.68872657	39.58122234	0	0	0	16.02267721	0	0.431560867	0	0	0	20.37218018			0	16.53331334	0.203257333	27.90403073	44.44346922	0	0	3.031533294	4.9468826	0	0	0	0	2.598538581	0	0.338974897	0	0	0	4.709305826	0.421304132	0.297009958	1.341964457	0	0.072806963	6.659458271	0.290053374	0	6.673996103	4.568930457	0.193785295	0	66.4132736	0	1.603917598	1.142825334	4.027857789	0	0.230073357	0	0	1.217823452	0	0.135614035
IN039	0	260.8162037	90.19912561	289.7428077	279.0956274	0	0	4.492786687	33.30850423	9.069294384	0	0	32.49276056	0	0	0	0	0	0.782889666			0	26.52730467	0.328914748	30.90329836	25.1809735	0.029346012	0	1.80671886	12.03529922	0	0.900026905	0	0	2.216491192	0	0.071626539	0	0	0	2.567675779	0	3.144043288	0.443884706	0	0.059738993	2.892210681	2.129983017	0	1.756147293	4.090082818	0	0	69.64827517	0	5.970668243	1.72525777	2.117415855	0	0.134996687	0	0	3.046098056	0	0.273521645
IN042	0	42.90539059	49.99386827	179.9745075	555.9920849	0	13.04793332	28.60643251	95.46170964	0	0	0	29.43004688	0.721045882	0	0	0	0	3.866980472			0	6.828857965	0.623115984	16.73276994	54.7524376	0	2.178099853	2.226738642	15.8397715	0.164045243	0	0	0	0.306462873	0	0.347700398	0	0	0	3.248134544	0.034412259	2.590003507	2.577939136	0	0.233418998	5.687738839	0.67472168	0	4.158716775	5.6675659	0	0	57.87256857	1.230025679	3.425980816	1.134542565	4.707019696	0	0.825082977	0.157994476	0.175146124	5.337632665	0	0.261354795
IN045	0	127.8185531	33.98597262	366.1328297	316.0832259	2.053029955	13.24789472	19.41773523	49.68576538	0.944974238	0	0	65.49100451	0	0.933636531	0	0	0	4.205378073			0	18.54917109	1.06143547	36.53405361	29.96560366	0.051037726	0.229111819	1.695470157	8.123665717	0.007409433	0.007218872	0	0	3.333267937	0.133949655	0	0	0	0.308604856	3.323835181	0.754779041	0.279709936	0.887735127	0	0.128424147	4.80282647	0.489220071	0	10.4380545	5.761495723	0.017040287	0	64.76095607	0	2.563714308	0.861300161	3.330406441	0	0.057623191	0	0.34010314	0.811854392	0	0.390921808
IN053	0	136.6701898	32.36810651	241.945862	387.0006508	0	7.062959534	12.68786759	152.7656711	0	0	0	27.03118842	0.120204236	0	0	0	0	2.347300003			0	12.81798722	0.045124327	25.60167311	36.43777362	0	3.163961494	0.818594298	18.25432412	0	0	0	0	1.122433265	1.097219132	0.640909406	0	0	0	1.262194476	0	0.43431344	0.776485177	0	0.025621131	3.014848518	0.256604615	0	4.247216404	3.239789994	0	0	72.54352599	2.759068633	2.201420106	1.384981567	4.093387838	0	0.612709639	0	0	3.059964703	0	0.087867774
IN058	0	108.6118795	30.98036515	337.7489054	388.5996368	1.390169591	6.983431082	23.23356911	34.09614596	0	0	0.021194636	64.7100344	0.460204223	0.060636846	0	0	0	3.103827373			0	13.64100656	1.214393459	33.2172393	38.53204747	0.303557549	0.16158312	2.261286476	7.089966904	0.106349275	0	0	0.007223053	3.30794166	0	0.15740517	0	0	0	2.927430679	0.427847868	0.338166052	0.952589235	0	0.070171691	4.812431493	0.224865228	0	9.259419627	10.40665797	0	0.033683334	61.65264431	0	2.787657788	1.116767434	3.479851285	0	0.047368868	0	0.058844619	1.290831378	0	0.11277114
IN067	0	138.4520342	57.58568674	437.5546382	114.0662498	36.08114758	0	19.925265	108.9152334	0.063466746	0	35.51509803	46.64307077	0.129077611	0.137164397	0	0	0	4.931867424			0	16.88751871	3.175144567	42.94694741	10.70013121	3.967594372	0.803196551	0.711657185	13.78378916	0.210102597	0	0	3.63049283	2.270243408	0.085670407	0.540196583	0	0	0.28731501	2.214095036	0.426765146	0.355408066	1.019477899	0	0.021342956	3.262751674	0.195974708	0	9.838277097	6.8192215	0	0.045870384	65.80894098	0	3.251662418	1.618210977	3.370798898	0	0.001806754	0	0.312625978	1.062957098	0	0.373812434
IN071	0	141.5577765	70.80204857	342.5905992	66.69529286	53.337935	0	2.857269177	165.1140483	0	0	118.6961919	16.04172711	0	9.286315033	0	0	0	13.02079639			0	10.75950506	0.874379235	31.15597204	6.964578575	10.76838638	0.388006234	0.388936788	18.20998542	0	0	0	13.72380559	5.348427897	0	0.923702429	0	0	0.49431435	1.755148693	0	0.597823189	0.634406288	0	0.052627108	2.232009824	0.055254482	0	4.097361201	5.825415627	0	0	64.93167275	0	7.876746212	2.598060918	1.907797236	0	0	0	0	6.862862903	0	0.572813571
IN076	0	80.58806663	84.47339222	393.1965266	93.17510096	47.02919496	0	0	184.7446335	0	0	50.81694469	47.98415775	0	17.99198265	0	0	0	0			0	11.15917114	3.058738843	36.57896326	8.402878099	3.188950851	1.13693716	0	23.64766758	0.482013041	0	0	7.355889387	4.643778318	0	0.111809988	0	0	0.233202334	0.04217635	0	0.753429762	0	0	0	0.061296456	0	0	1.163601155	6.205080218	0	0	79.07707986	0	4.971562682	1.762131103	0.830821434	0	0	0	0	5.016621201	0	0.116199779
IN077	0	16.54101062	20.1500803	375.2174938	262.467921	15.73037425	0	2.572712091	267.3457106	0	0	8.68074353	31.12984236	0	0.159410267	0	0	0	0.004701206			0	3.325679361	2.420192696	34.69795175	24.40683904	1.909323544	0	1.107503451	30.8224688	0	0	0	0.180769101	1.129272246	0	0	0	0	0	0.975611046	0	0.477980027	0.625757576	0	0.013865074	2.498246504	0.039762451	0	5.14761386	9.143445182	0.109822499	0	60.88749768	0	8.060791204	2.289121168	1.083942285	0	0.007002519	0	0	8.56192981	0	0.077611115
IN078	0	106.2737376	54.48766918	213.7257162	488.1485159	4.849276285	1.002363617	6.214339519	76.35098104	0	0	0	25.72971748	0	0.249751618	0	0	0	22.96793165			0	13.99519464	1.444295606	20.588987	48.95610604	0.34007898	0.316081362	1.209972224	11.73109419	0	0	0	0	0.755882861	0.10269517	0.458811849	0	0	0.100800072	3.374943089	0.041088315	1.141486057	2.602726569	0	0.038053504	3.304406077	0.35529865	0	5.173382705	7.533288959	0	0	65.24139395	0.003912055	3.135927341	1.105794051	3.071420818	0	0.108706183	0	0	3.568255663	0	0.199916018
IN080	0	159.1513027	38.8465393	295.6423792	377.9758831	3.325216928	0.141251755	10.15335592	70.71906547	0.27055642	0	0.812679377	35.29226821	0.055110245	0.21740659	0	0	0	7.396984704			0	17.17941487	1.705396962	28.36015416	36.14057205	0.17297906	0.222030484	0.820750467	11.88824859	0.040315021	0	0	0.59428052	1.450027665	0.041110973	1.301039656	0	0	0.083679522	2.937314742	0.098439759	0.435298313	2.037133356	0	0.026520905	4.721638384	0.152262331	0	11.90160948	5.100100402	0.000380919	0	63.2780882	0	2.229762393	1.150088528	4.544435048	0	0.033071085	0	0	1.180625284	0	0.17323087
IN090	0	45.25223926	75.10416469	302.2836673	313.7225101	0	0	16.68504145	200.1093644	0	0	1.741484517	35.10821133	0	0.840392704	0	0	0	9.152924272			0	7.016299928	3.730476252	33.74078478	30.21598498	1.174316286	0.110920619	1.048563859	20.13580083	0	0	0	0.012916909	2.54849201	0	0.070909025	0	0	0.194534518	7.787685884	0.291750868	0.793700277	2.367818277	0	0.155046524	5.010189234	0.661831034	0	3.736000368	8.755336792	0	0.045534513	59.39293935	0.049846098	3.746917596	0.85848584	4.615369869	0	0.180998401	0	0	1.245598037	0	0.304951033
IN094	0	63.09736834	60.10162344	314.2312146	328.0397339	0	0.977519621	7.065096354	189.5451001	0	0	0	18.16941752	0.105646198	5.044460188	0	0	0	13.62281982			0	5.986427179	2.589045652	32.83827778	31.47931424	0.01762966	0	0.496655702	22.55778395	0.227398961	0	0	0	2.578341304	0.010859468	1.165287969	0	0	0.052978132	5.229408	0.309193665	3.044469399	2.255622483	0.009406921	0.036447392	5.577590359	0.375235004	0	8.279931429	7.626356841	0	0	53.65472671	0	2.868506519	0.997828271	4.748302543	0	0.188753167	0	0.782263953	3.694326567	0	0.321630778
IN099	0	52.55772824	57.25467145	219.838654	529.3583796	0	0	25.58735372	75.28131036	0.056726953	0	0	0.407755667	7.254289042	2.8945688	1.009846022	0	0	28.49871619			0	12.26391917	4.877741956	12.56387872	53.91532361	0	0	0.982329011	14.28016132	0	0	0	0	0.564469684	0.213489021	0.338687505	0	0	0	3.575858433	1.132830805	0.171041488	2.213047493	0	0.019836316	1.86391557	0.2514018	0	39.67274552	8.264997728	0	0	29.72187718	0.026684949	2.219061436	1.248470349	3.028372675	0.000768035	0.090733094	0	0.842983874	5.569782921	0	0.085590332
IN103	0	79.07552799	24.38276688	122.8021709	713.8442981	0	1.729266266	21.55639562	7.551677757	0	0	0	0	0	0.767710741	0	0	0	28.29018575			0	13.69637421	0.462554347	14.18662132	68.19835441	0	0	1.162933738	2.293161981	0	0	0	0	0	0	0	0	0	0	2.220093265	0.212382759	1.152268962	0.446006486	0	0.086393918	1.628210764	0.191730736	0	33.32549205	14.68624196	0	0.107770148	31.36549048	0	2.765826438	1.284654375	3.781398877	0	0.048715195	0	0	6.54988425	0	0.147439335
IN104	0	123.9718814	6.237429192	109.9741715	682.8894442	0	5.719010297	33.46735062	18.9330289	0	0	0	0	0	0.810603566	0	0	0	17.99708033			0	13.91033865	0.409638644	11.23893734	68.78279677	0	0	3.147307307	1.710806013	0	0	0	0	0	0	0.068072872	0	0.023868763	0.708233645	1.878283511	0.382372748	0.828282542	1.310046967	0.004416842	0.024980154	1.839344883	0.085757716	0	37.79690415	7.799779739	0	0.146901226	37.59845328	0	2.962489621	1.468206858	3.108628354	0	0.066818105	0	0	1.680107415	0	1.018225879
IN526	0	184.110579	8.319241064	188.4784769	564.9045794	0	0	43.0890953	2.905021034	0	0	0	0	0	1.844941039	0	0	0	6.348066182			0	20.43731007	0.140536105	14.49275018	55.49783422	0	0	3.321763841	5.523210016	0	0	0	0	0	0.450374486	0.13622109	0	0	0	2.040523245	0.300655538	1.258964882	1.051088879	0	0.042316981	1.196175577	0.105938568	0	33.9062118	12.21386687	0	0	35.4741923	0	5.480387283	1.26564368	3.438453209	0	0.036855142	0	0.12229318	1.7098095	0	0.356623375
IN528	0	143.5793656	1.362632903	75.48765724	738.5688452	0	0	28.05777356	0	1.410775723	0	2.516488441	0	0	0.215649191	0	0	0	8.800812156			0	15.20405376	0	11.71642872	67.19729254	0	0.236031955	4.57075268	0	0.022766886	0.151836388	0	0	0	0.060076134	0.02654595	0	0	0.814214989	2.338807738	0.138920889	1.662211706	2.314038538	0	0	1.726746727	0.164767252	0	29.16371157	10.43398927	0	0.001925577	40.54419468	0	3.290699395	1.578937679	3.43554604	0	0.134298047	0	0.753565623	1.694187116	0	0.623452155
IN529	0	210.310085	15.75637997	76.48648789	665.3378366	0	0	25.95230433	2.234520534	0	0	0	0	0	0	0	0	0	3.922385667			0	18.54876704	0.397767205	10.93749227	64.48184133	0	0	3.723842513	1.230459507	0	0	0	0	0	0.32076058	0.077987071	0	0	0.281082482	0.786152747	0	0.1186856	1.347073111	0	0	0.89730221	0.055326338	0	38.30781293	14.61336363	0	0	28.42810152	0	5.014535655	1.258347285	2.115397195	0	0.06943794	0	1.717573759	5.167238108	0	0.10365197
IN538	0	32.14650623	0	27.68063092	904.1069604	0.504378111	0	22.31085558	0	0	0	0	0	0	2.171791973	0	0	0	11.07887681			0	7.285021681	0.081159749	2.933436709	86.91843414	0	0	2.040231876	0	0	0	0	0	0	0	0.370038504	0	0	0.371677338	0.730118106	0	0.308987534	0.31421026	0	0	1.384006275	0.157437725	0	34.101699	9.207488421	0	0	42.7427555	0	3.901182027	1.596817237	2.506154287	0	0.023787794	0	0.025351661	1.942278381	0	1.057725793
IN544	0	14.53700902	0	30.09404153	937.8057306	0.299401633	0	12.39165685	0	0	0	0	0	0	0	0	0	0	4.872160389			0	4.155888266	0	2.579536679	92.11600522	0	0	0.60499121	0	0.140094361	0	0	0	0	0	0.004413302	0	0	0.399070961	1.557309389	0	0.193222659	1.029996808	0	0.011353449	1.534516372	0.121368372	0	36.24916871	7.217954515	0	0	43.98367254	0.097625404	3.547369411	0.840972282	2.186483182	0	0.011597885	0	0	1.324224922	0	0.0931641
IS004	0	40.03446351	45.92330559	484.3758573	156.1714816	0.742837818	3.498310154	16.4019756	108.6718445	0	71.83911805	0	63.14077442	0	0.727792014	0.247401795	0	0	8.224837742			0	6.785106311	3.526996222	47.39930704	14.49154772	0.316777724	0	1.006755836	15.17165479	0	0	5.424363594	0.037400161	5.237535266	0.07028652	0.001987619	0.01616516	0	0.514116032	4.490004688	0.156582463	0.48565109	1.783488436	0	0.071667939	5.938056508	0.432395484	0	10.56192387	7.45360162	0	0.063998722	58.76643237	0	2.28531633	1.274784889	5.136310824	0	0.040482409	0	0.017544418	0.66514888	0	0.376609065
IS005	0	20.42635935	113.9825306	229.602698	445.1590696	63.55695942	7.696240053	12.16504727	75.39123175	0	0.91929877	1.423826413	20.63787196	0.044629974	3.359573069	0	0	0	5.634663832			0	2.811617111	7.486020326	24.81187601	45.65474663	5.906271113	0.035832394	0.904560266	9.498190322	0.092621719	0	0.133607084	0.118221611	2.056786616	0.067825598	0.299428757	0	0	0.122394445	2.76870824	0.026691233	0.781782828	1.390996758	0	0.022876655	4.108969787	0.447634778	0	1.997824375	7.596046338	0.002294305	0	67.81360656	0	2.365519125	1.804603639	2.957421341	0	0.063307924	0	0.334253275	5.169269294	0	0.348193542
IS006	0	75.11170657	98.38122027	416.4582543	193.8014893	59.6012805	5.922298354	8.306643312	91.27582914	0	0	0	44.84391093	0	2.548216235	0	0	0	3.749151066			0	6.741000893	7.527215994	42.01651752	19.58366466	4.155782039	0.085041145	3.42261528	11.35125111	0.187282949	0	0	0.102156718	4.03233951	0.030771425	0.246612849	0	0	0.517747909	3.916729294	0.326482151	0.702979753	1.251438528	0	0.107413954	4.63372727	0.320878294	0	11.1424286	4.102405537	0	0	63.06126137	0	2.469116924	2.119157772	4.296559103	0	0.053287863	0	0.401983187	0.845055441	0	0.24909496
IS022	0	49.30455227	74.48812015	467.8440331	167.0986712	29.5508493	5.332390444	8.094609241	127.6860813	0.150278782	5.903819126	3.626465584	55.64504679	0.029086105	0.36479021	0.814033939	0	0.243483265	3.823689164			0	7.226386025	4.951217638	45.36339841	15.83624501	2.125313469	0.903121612	0.893201877	18.4579244	0.046331327	0.02333068	0.495409308	0.557190628	2.61577842	0.149940955	0.0725622	0.065733219	0	0.216914823	4.784452987	0.306522246	0.661074335	1.123481342	0	0.113526296	7.71309845	0.318249558	0	9.412336213	6.162085331	0	0	59.23656172	0	2.065160489	1.231465556	5.164293959	0	0.063263823	0	0.714387087	0.66672519	0	0.263315421
IS024	0	34.97609949	89.66867941	261.4497875	466.1028697	57.37081278	11.23005715	12.97326831	48.2834256	0	0.503654606	1.374386012	13.0569439	0	0.574689499	0	0	0	2.435326083			0	3.821123728	10.57668844	22.34491151	44.95263165	5.879579719	0.413316422	1.095700525	9.074658283	0.005746371	0	0	0.135099794	0.974357456	0.047556838	0.058602246	0	0	0.620027018	2.054341941	0.017349303	0.663346935	1.024152989	0	0.021003779	4.52585991	0.289919085	0	2.805454248	7.857879714	0	0.002228234	66.9038169	0	4.839694044	1.308145806	2.346909017	0	0.093366802	0	0.478282217	4.498702564	0	0.269546508
IS035	0	20.86388043	122.1054578	206.6925492	256.2290069	68.7788294	0	2.838221445	288.6262247	0	0	19.21095645	9.72290244	0	0	0	0	0	4.931971326			0	1.526071894	4.562673504	20.03066888	25.26308302	12.12175253	0	0	31.95839976	0	0	0	1.727694894	0	0	1.717040391	1.09261513	0	0	4.320931641	0	1.151095199	1.099835786	0	0.099913037	4.597505034	0.458607201	0	0.480120663	19.81754867	0	0	44.84423156	0	3.616624743	2.275542767	4.242382255	0	0.088075787	0	0	4.379696754	0	8.52788891
IS040	0	73.16389944	27.10241441	213.3481788	561.3071116	16.42894108	3.868266465	19.88064417	70.625514	0	0	0.635228368	4.12290556	3.197119536	0.620222421	0.042172809	0	0	5.657381384			0	8.430812903	1.622837573	20.07511543	56.05993793	1.233359785	0.264360698	1.676220884	8.476409663	0.108621327	0.004245036	0	0.202608994	0.804763765	0.400929221	0.409566008	0	0	0.230210786	4.437344616	0.024603933	1.132963883	1.814535963	0.005499774	0.036616409	3.170184959	0.892170462	0	17.93110134	10.46491001	0.000729429	0.024667673	46.03664091	0	6.491224651	1.384399056	3.858504117	0	0.08850234	0	0.097126221	1.814753785	0	0.293520459
IS048	0	21.72894471	102.3531511	469.7207321	70.06803794	201.9185862	18.40958932	8.951588782	63.74806071	0	0.771106201	7.886880045	28.52597438	1.562245056	1.712257158	0.042318254	0	0	2.600528006			0	5.422504235	4.256529092	49.98551401	6.764712956	18.4416296	0.656033341	0.904647997	9.735946943	0.255171003	0.003376588	0.112026047	1.143770959	1.524386063	0.165210258	0.461206032	0.084318257	0	0.083016623	5.386006088	0.077097007	1.260589477	1.882359963	0	0.07565299	5.144136728	0.587137489	0	4.25694677	5.454221715	0	0.000798341	64.99410289	0	2.624335952	1.727410103	4.129270571	0.001636587	0.212234855	0	0.267392799	1.646097583	0	0.272572087
IS053	0	77.25423607	21.65969449	452.2131779	219.5983165	51.09100145	0	16.621643	136.497195	0	0	0.274446051	8.136180707	13.39333649	2.276462865	0	0	0	0.984309446			0	3.513237416	1.985397501	51.54512467	22.77291335	5.086075904	0	0.922839021	10.56019784	0	0	0	0.948811782	1.343416428	1.321986093	0	0	0	0	3.364714917	0	1.957796895	1.998278868	0	0.077081216	1.713547722	2.358852603	0	3.090385238	12.76379642	0	0	50.64760828	0	4.096221588	1.870819066	4.639839633	0	0.42382076	0	0.215541673	10.11088962	0	0.670805497
IS075	0	60.51228724	142.2486953	244.4795963	391.113828	73.15052827	0	22.92063858	57.98990753	0	0	0	0	0	0	0	0	0	7.584518755			0	6.193750628	11.97864198	23.29547156	40.19966684	7.880511896	1.308059137	1.056669074	8.087228884	0	0	0	0	0	0	0	0	0	0	1.791995053	0.091833456	0.739709513	0.276889631	0	0	1.553164444	0.10113851	0	10.38797709	9.539379862	0	0	58.25559587	0	6.465010146	1.62715147	2.319042876	0.111574702	0	0.460082775	0.263675646	3.616944211	0	2.398834745
NR_01	0	21.8257069	23.83955084	251.9565232	503.8149359	88.77072402	0	17.16569705	42.07494578	0	0	27.11372642	11.96967934	0	0	0	0	0	11.46851058			0	2.680200418	0.677748456	21.36940692	52.34183004	10.1283288	0	0.423227348	7.615676514	0.031455046	0	0	4.343731077	0.347442014	0.011234605	0	0	0	0.029718755	2.271731237	0	2.898108271	2.064575758	0	0.007672976	0.901785003	0.437520765	0	0.334597607	8.720744958	0	0	13.89457671	0	5.523695583	1.895082953	2.715788376	0.354421868	0.538156145	0	0.081016914	55.61744358	0.081447219	1.661634077
NR002	0	32.2463825	51.18472052	441.2338333	285.8275271	30.36695088	0	38.85098008	57.42095591	0	0	19.94158925	37.89944621	0	1.794824983	0.000410109	0	0	3.232379204			0.06090282	2.563202113	2.666967191	41.74952039	30.12218171	2.080245766	1.897592626	0.44568217	8.860686794	0	0	0	5.118500973	2.238984759	0.182714799	1.56592876	0	0	0.446889133	2.268920837	0.096414947	3.084881268	0.848228743	0.047979336	0.027330373	1.595492513	0.043442102	0	7.523682948	8.057152315	0	0	24.07821961	0	6.322877823	2.052544659	3.439064383	0.224450502	0.061047278	0	1.67598976	36.00539568	0.857828813	1.689056111
NR004	0	74.509953	44.76446366	484.6855964	241.7286652	18.26201126	3.867281066	24.54153828	67.56849732	0	0	0	35.99993257	0	0.085675634	0	0	0	3.986385651			0	11.83840886	0.813357084	42.05039665	23.78089422	0.452739556	0	0.391681542	17.79443684	0.144901656	0	0	0.046369967	1.477640028	0.29232479	0.54986473	0	0	0.366984081	3.42249456	1.08017478	0.470633658	4.310212478	0	0.131851113	3.730205735	0.203024291	0	14.39568282	9.696867459	0	0.12958756	48.20140644	0	4.086957888	1.913764709	4.440424028	0	0.069657889	0	2.340715112	1.08376345	0.139555201	0.153020834
NR006	0	130.1496104	41.00212994	351.1675817	305.7920229	0	0	7.113045157	24.60785092	0	0	0	140.1677589	0	0	0	0	0	0			0	19.87178484	2.347163014	34.4495789	30.5443302	3.218767487	0	0.312054686	7.750201463	0.63962002	0	0	0	0.863746428	0	0.002752962	0	0	0	6.159545772	0	0.794927313	0.756041439	0	0.12195288	2.694965936	0.09802177	0	18.33728096	3.136820318	0	0	52.00154445	0	9.018337484	1.29478487	4.13564385	0	0	0	0	1.307780756	0	0.142352203
NR361	0	4.653888875	94.54245704	494.0491212	87.81391568	20.66253392	0	9.349955415	142.9700081	0	0	0.305557766	145.652562	0	0	0	0	0	0			0	2.475807955	3.672272132	37.19859215	8.447800187	13.86904928	0	2.612412763	20.39099524	0	0	0	0	11.3330703	0	0	0	0	0	7.789724761	0	7.697670615	6.480854053	0	0	2.655500401	1.19328817	0	16.65531139	2.900717749	0	0	41.43455502	0	2.007593658	1.867179205	4.459409729	0.155859737	0.697223896	0	0.739333926	1.608619924	1.43866028	0.218497482
NR367	0	60.38961469	34.37900827	267.8005192	572.442484	0	4.917036571	23.09629084	10.64055645	0	0	0	17.41655973	0	0.41292446	0	0	0	8.505005761			0	7.03341492	1.344666952	24.58649136	61.12288103	0.156018582	1.151760338	2.00837358	0.523423571	0	0	0	0	1.675050946	0.229236205	0	0	0	0.168682505	2.732448253	0.01291673	0.582589051	0.426667269	0	0.007074095	3.045141563	0.051216006	0	22.10866945	5.149651178	8.75544E-06	0	55.04615384	0	3.79133739	1.854212475	3.278829031	0	0.014270857	0	0	1.410926311	0	0.487887744
NR368	0	24.77807967	125.5510095	530.1516909	65.24018082	148.528092	0.293816063	5.243918665	68.5703481	0.087724706	0	4.872984102	21.51256275	2.282987786	0.241785853	0	0	0	2.644819098			0	2.794668265	10.18175734	50.43216063	6.580663054	15.71290504	0	0.537030425	8.56116943	0	0.008894009	0	0.798652478	3.911843711	0.364284629	0.032374359	0	0	0.083596626	3.096039529	0	0.310195166	0.961664699	0	0.035407751	4.528093019	0.272317422	0	8.510479784	3.037268654	0	0	72.78521758	0	1.262800898	1.622748882	2.438640266	0	0.026513605	0	0.364510386	0.451580388	0	0.296521969
NR369	0	29.65564447	106.8244757	386.2573554	159.5310519	180.0373063	0	9.064665931	72.76179566	0	0	8.213571789	41.96188743	0.171986481	0.38169915	0	0	0	5.138559885			0	2.581939071	7.675676245	39.22160964	16.55034586	20.03003565	0.898899317	0.935831456	7.484324471	0.183893925	0.075918163	0	1.635329976	2.561960983	0.085224266	0.008040301	0	0	0.070970672	3.305028511	0	0.569275938	1.054463459	0	0.116454829	3.454750816	0.409025061	0	9.954952036	5.118907769	0.002656417	0	65.0488153	0	2.794835154	1.603478655	2.841332118	0	0.014562245	0	0.202900246	1.325549449	0	2.183011994
NR371	0	82.62581149	28.28426789	207.163343	550.1063509	2.249321194	17.07107581	36.83117469	10.06549295	0	0	0	15.70183655	0	0	0	47.831295	0	2.07003049			0	11.69359914	0.852587619	19.08518714	57.72670068	0	0	1.867407155	2.110970037	0.945715617	0	0	0	1.743859839	0	0.008041854	0	3.846189275	0.119741642	4.091485106	0	0.749709822	0.737210867	0	0.106048145	1.98346068	0.305853449	0	34.37188743	8.785064614	0	0.493780478	35.13627025	0.020000467	5.521236002	1.80495008	1.946732087	0	0.042336843	0	0	0.662019639	0	3.241954037
NR372	0	131.2461727	68.38284829	338.8400825	215.9071154	52.66958749	17.34544535	0	169.457525	0	0	2.781888576	3.369334692	0	0	0	0	0	0			0	6.0332145	1.864681298	33.72103225	19.68240173	4.513621415	0	0.164651202	30.80454854	0	0	0	2.226388866	0	0	0	0	0	0.989460201	2.455654106	0	1.819080535	0.197417877	0	0	1.402339618	0.058611241	0	2.073887092	5.071414144	0.181409036	0	73.87957661	0.151686956	2.330390422	2.706191104	2.754474358	0	0.030891665	0	0	3.897453558	0	0.989521677
NR376	0	53.35702593	77.12368857	460.2332901	40.51009811	250.6246698	0	6.775309699	68.46013983	0	0	10.44675216	16.07688253	0	3.950465658	0.408959109	0	0	12.03271857			0	3.434918036	5.540767469	49.42462204	3.29367878	21.9096404	0.220814968	0.544254436	13.0359475	0	0	0	0.663640922	1.120007369	0.013789105	0.054500797	0	0	0.743418182	5.04904727	0.679206881	2.278242068	3.947690594	0	0.185710599	3.321746848	0.759754577	0	5.074377197	5.042954595	0	0	60.51224427	0.013031814	3.519279583	1.70184814	3.818842304	0	0.187625615	0	0.096641947	0.357649903	0	3.454105799
NR378	0	21.98941559	36.2800308	207.9177423	561.43761	15.90562678	0	21.606686	132.8292908	0	0	0	0	0	0	0	0	0	2.033597745			0	3.319099685	1.897914609	16.5888163	56.60576284	2.83230345	0	0.942256012	17.10343449	0	0	0	0	0.236652701	0	0	0	0	0.473759917	2.844787023	0	0.080586142	0.541426383	0	0	3.573679126	0.317146399	0	26.49800201	7.027118081	0.108934448	0.048171716	35.2329104	0	7.937143429	2.188676252	3.321896819	0	0.368207158	0	0	5.084238494	0	4.827076118
NR379	0	51.83496695	178.4926042	440.4015484	110.3607646	133.6166815	5.038398672	5.892038376	57.71795693	0	0	4.809275964	7.072288488	0	0	0	0	0	4.76347592			0	5.719872481	10.03844185	46.7532251	9.333555491	17.22011279	0	1.156376264	6.797078982	0.706737815	0	0	1.700177892	0	0	0.559442427	0	0.014978897	0	0.485731086	0	0.169671405	0.008036581	0	0.012510263	1.636625928	0.033957033	0	18.24077826	4.180144226	0	0	67.76541666	0	2.884626653	1.875260364	0.772005958	0	0	0	0	1.209921541	0	0.725314038
