FWK_CODE_K	%ivk07_Wein	%ivk07_mehrjaehrige_Obst_und_Nutzpflanzen	%ivk07_Nutzpflanzen	%ivk07_Obst_und_Gemuese	%ivk07_Oelsaaten	%ivk07_Pflanzenzucht	%ivk07_sonstige_Flaechen	%ivk07_sonstige_Handelsgewaechse	%ivk07_Teichflaechen	%ivk07_unbekannt	%ivk07_Ackerfutter	%ivk07_Flaechenstilllegung	%ivk07_Getreide	%ivk07_Gruenland	%ivk07_Hackfruechte	%ivk07_Huelsenfruechte	%ivk07_Klee	%ivk07_Mais	%ivk07_mehrjaehrige_Graeser	%ivk13_Wein	%ivk13_mehrjaehrige_Obst_und_Nutzpflanzen	%ivk13_Nutzpflanzen	%ivk13_Obst_und_Gemuese	%ivk13_Oelsaaten	%ivk13_Pflanzenzucht	%ivk13_sonstige_Flaechen	%ivk13_sonstige_Handelsgewaechse	%ivk13_Teichflaechen	%ivk13_unbekannt	%ivk13_Ackerfutter	%ivk13_Flaechenstilllegung	%ivk13_Getreide	%ivk13_Gruenland	%ivk13_Hackfruechte	%ivk13_Huelsenfruechte	%ivk13_Klee	%ivk13_Mais	%ivk13_mehrjaehrige_Graeser	%FlaecheBesondererFunktionalerPraegung	%FlaecheGemischterNutzung	%Friedhof	%Halde	%IndustrieUndGewerbeflaeche	%SportFreizeitUndErholungsflaeche	%TagebauGrubeSteinbruch	%Wohnbauflaech	%Bergbaubetrieb	%Wald	%UnlandVegetationsloseFlaeche	%Sumpf	%Moor	%Landwirtschaft	%Heide	%Gehoelz	%Weg	%Straﬂenverkehr	%Schiffsverkehr	%Platz	%Flugverkehr	%Bahnverkehr	% stehende_Gewaesser	%Hafenbecken	% Flieﬂgewaesser
UM328	0	0.066377001	0	2.302587783	2.297824117	0	0.021036228	0	0	4.94543731	6.522620149	5.663605179	17.16381274	50.41853566	0	0	0	10.59816383	0	0	0.216922852	0	0	16.75613873	0	0	0	0	4.748889879	5.465700418	4.443874736	15.03453679	52.50278913	0	0	0.83114746	0	0	1.118374915	1.249093394	0	0	10.60358805	2.937936957	0	8.089646188	0	16.82672921	9.052007186	0	0	34.10415504	0	4.690512805	0	6.03129761	0	0.248348637	0	0	0.069921587	0	4.978388421
UM232	0	0.101737814	0	0.108088075	0.178327165	0	0.016831294	0	0	1.888685213	3.905394129	1.02320333	2.795753808	89.1635159	0.07731596	0	0.741147308	0	0	0	0.080348956	0	0.134246485	0.21998647	0	0.004504514	0	0	1.769430627	3.170923744	0.174823779	2.464860926	90.45245283	0.075546111	0	1.45287556	0	0	0.243106128	1.23880791	0.07012534	0	1.748256045	1.51051263	0	4.312245036	0	45.96957281	4.369702148	0	0	33.3434341	0	2.337151864	0	3.292439439	0	0.042303354	0	0.316749832	0.252368492	0	0.953224878
UM266	0	0.029288032	0	0	3.342973879	0	0.079110816	0	0	0.583410835	4.846691852	7.448795908	37.67036874	39.0866579	2.805833831	0.504538036	3.13940041	0.462929768	0	0	0.041520047	0	0	2.648394164	0	0.038805669	0	0	0.770431877	5.248947529	2.947674526	41.73618689	38.80229875	2.20386504	0	5.228828953	0.333046558	0	0.419892034	3.604602691	0.033259138	0	1.521712364	0.961065307	0	3.386327878	0	14.00524215	4.603712194	0.001308201	0	62.07074785	0	3.291781772	0	3.755921356	0	0.002311234	0	0	0.279789196	0	2.062326632
UM295	1.026425183	0	0	0	3.991445484	0.139441427	0.063570054	0	0	1.00647967	0.467254642	3.359165006	9.633614781	80.31260375	0	0	0	0	0	1.713468561	0	0	0	0	0.523061658	0	0.085352979	0	2.269716044	0.389699267	1.364045758	11.82875331	78.82653692	0	1.245424512	1.753940991	0	0	0.848342331	1.237154016	0.161542899	0	3.834593711	3.767961339	0	10.17433495	0	18.27067688	6.446887768	0	0	41.06528253	0	4.708948021	0	5.988541322	0	0.273513237	0	0.037722531	0	0	3.184498463
UM358	1.129549114	0.742441673	0	2.041826838	7.684253185	0.006475563	0.010111963	0	0	3.340027479	1.322727793	6.115783654	28.50725433	45.37059575	0	0.00099112	0.792011326	2.935950214	0	0.84565645	0.942730245	0	0.495970908	1.630601911	0.006452272	0.500552663	0	0	1.843704531	1.709337501	6.401777306	22.88857219	50.07147131	1.214610688	0	0.406741181	10.67949717	0.362323679	1.327603141	3.895628951	0.219943095	0	3.810235373	3.988967715	0.035849721	14.75992983	0	1.902168204	8.830250057	0	0	42.63200602	0.004744379	5.849695473	0	6.108688311	0	0.604621757	0	1.720035725	1.887938013	0.017749841	2.403944396
UM330	0.222151018	0	0	0	17.02148507	0	0.024918949	0	0	1.4737577	0	6.2152822	39.2433862	24.75300883	0	0	0	11.04601004	0	0.411214619	0	0	0	26.75024221	0	0.102080135	0	0	1.142405129	1.078929452	3.83548892	39.8498385	24.23054838	0	0	0	2.599252655	0	2.351384695	1.61115414	0.224961501	0	8.537238039	7.286693747	0	15.98161373	0	4.14462885	8.237108723	0.18903442	0	36.08224328	0	5.455022086	0	6.025228622	0	0.216713854	0	0.447079133	0	0	3.209895176
UM096	0	0.002848173	0	0	15.78025111	0	0.258285894	0	0	4.109880104	0.513535339	8.830471724	61.03940749	7.111090528	1.992267486	0	0.361962152	0	0	0	0	0	0	15.1576497	0	0.021128039	0	0	4.28791762	4.300416515	9.222760609	56.77229192	6.937039655	1.35190502	0	0.006039125	1.942851799	0	0.22583756	4.106165977	0	0	6.172608051	3.763141218	0	5.443360578	0	3.806330454	4.332739499	0	0	64.27448659	0	2.585719552	0	4.943699317	0	0.069962798	0	0	0.012008106	0	0.263940301
UM235	0	0.309215825	0	0.005050574	2.964658859	0	0.173679543	0.035448407	0	1.407939732	5.070551615	7.594651992	13.69532165	65.31335276	0.056998062	6.82732E-05	2.52625418	0.846808532	0	0	0.389791617	0	0.199841753	0.569878577	0	0.043435373	0.028034998	0.077491847	0.204848303	3.74989171	3.785720218	13.46054282	70.3879047	0.422851306	0.170259511	5.457366806	1.052140464	0	0.596876923	4.722331861	0.139952223	0	2.553392371	1.116564499	0.022754473	12.94866454	0	9.458732483	7.38310878	0.165016876	0	47.00759624	0	5.883487028	0	5.578711926	0	0.089110933	0	0.795636814	0.357650277	0	1.180411754
LTH02	0	0.177511138	0	0.395234511	11.04452309	1.796017087	1.209757356	0	0	0.49320442	1.486137676	7.697168615	23.07984057	50.54988934	0.253410701	0.183934325	1.633371168	0	0	0	0.168409927	0	0.410250544	4.896125901	0	0.048661508	0	0	0.182786143	2.24431869	4.654702838	35.08384974	50.11040541	0	0.655706968	1.544782328	0	0	0.344793364	6.287088185	0.11068017	0	1.087866812	2.553587347	0	3.902502331	0	3.043659439	4.716183505	0	0	67.44916748	0	4.133329702	0	3.621339211	0	0.075830142	0	0	0.34263588	0	2.331336432
UM005	2.446797248	0.151673482	0	0.25293779	8.449393832	0	0.129068986	0	0	1.794954074	5.854075602	3.801313437	24.39737631	49.2092337	0.456250742	0.070075061	0.599633864	2.387215877	0	2.357548789	0.316489035	0	0.133479962	3.106230474	0	0.096878287	0	0	2.047115311	9.248377845	1.568777023	25.12006828	53.0456681	0.560306635	0.010668456	0.419252643	1.96913916	0	0.431890307	0.940158967	0.041865634	0.088782229	2.768413096	3.253750807	0.000560633	4.016027751	0	9.55862659	3.134720894	0	0	26.81893582	0	9.420881182	0	5.310932327	0.682914273	0.454709538	0	1.969007714	0.602329068	0.100832972	30.4046602
UM007	15.37905724	8.145478448	0	0.629636401	2.929442588	0	2.311454525	0	0	24.98468087	2.884594761	10.27166219	3.071308119	29.00302593	0.177269475	0.212389453	0	0	0	23.36567446	9.266870278	0	0	2.340139781	0	1.123820934	0	0	13.06048802	0.507469419	6.443756408	7.43254919	34.2027749	0.012750228	0	2.243706379	0	0	3.124926465	1.222210546	0.008006217	0	0.439668314	2.831363159	1.065756644	0.569585887	0	3.390576905	5.966690537	0	0	34.04518251	0	14.84508132	0	2.32774613	0.00807011	0.287081276	0	0	11.02780792	0	18.84024606
UM008	0	0.139663569	0	1.104354961	7.667542337	0	0.063548024	0.155868514	0	4.179623837	9.329035768	1.901148277	43.28406784	25.77260093	2.775267121	0.588378124	0.08764882	2.951251878	0	0	0	0	1.120980441	5.139703892	0	0	0	0	0.67352671	6.121676506	2.48480216	50.66650194	24.3217258	3.73556405	0	2.92267612	2.81284238	0	0.179015169	0.877651834	0	0	3.859691884	5.045286295	1.351958596	3.310290995	0	0.368172396	10.491579	0	0	29.22665508	0	7.067379692	0	4.787726014	1.214576886	0.028565414	0	0.718876688	7.346946515	0	24.12562753
UM013	0.003966219	0.252595973	0	0.00475139	8.134518314	0	0.349140723	0	0.01376952	2.344498592	3.168219037	7.427671867	37.07586456	36.34479984	1.967686263	1.064772459	1.022713258	0.825031981	0	0.004001492	0.236531407	0	0.002918227	6.659953596	0.177648501	0.324305173	0	0.013891926	1.300674636	6.780945259	2.382202054	37.20886905	38.58782412	1.616154891	0.732445599	1.496814764	2.435335461	0.039483845	0.396003937	2.753579109	0.178486136	0	3.04269214	2.359918503	0.319045911	5.714493633	0	8.599376345	8.620749632	0	0.150064928	54.81924888	0	5.907238656	0	4.88350964	0.003241745	0.387600818	0	0.381349228	0.353343311	0.006227469	1.123829975
UM016	0.126417429	0	0	0	6.350888158	0	0.193589419	0	0	2.260021668	2.395777945	5.107183214	55.91743963	21.5822786	3.762754797	1.500523744	0.803125393	0	0	0.3150786	0.263162705	0	0	5.64599018	1.201105008	0.159568146	0	0	1.018374236	11.20794974	0.9653556	54.77626315	21.39101128	1.510355433	0.046737216	0.282794667	1.21625404	0	1.19847097	4.757675371	0.187287657	0	2.586754585	1.733827688	0	11.95009427	0	2.069969769	6.60246113	0	0	53.87241218	0	3.558071185	0	8.211740122	0.001508558	0.133427361	0	0	1.240655475	0	1.89564368
UM028	0	0.203847061	0	0	11.3900473	0.936776479	0.179417073	0	0.779876807	0.398167263	7.216449611	5.353307734	47.90549745	19.33690722	3.26496812	0.222842696	2.258315588	0.550566501	0.003013094	0	0.180705201	0	0	8.546527357	0.076235173	1.036605353	0.110349175	0.74863282	3.575386703	10.35053807	1.869822441	45.83399552	18.1415298	3.616169754	0.242065487	2.988155961	2.680323037	0.002958138	0.265614328	3.778839256	0.045348649	0	1.785289761	1.434260349	0	3.899013178	0	11.16989703	5.319261113	0	0.046267911	62.84283141	0.002396396	1.518391581	0	3.747874621	0.081974026	0.04718938	0	0.000261502	2.207864832	0	1.807424667
UM038	0.773565289	0.019554453	0	0	5.173974471	0	0.197850571	0.086449954	0	1.891205842	2.093671374	7.866033363	42.32383639	39.14127531	0.021284706	0	0.411298282	0	0	0.790059955	0	0	0	12.1671186	0	0.13799332	0	0	0.537744625	2.523254659	6.618441545	33.90951982	40.78524655	0	0	0.688521458	1.842099474	0	0.754581565	2.392634591	0.371220827	0.043241587	2.164865668	4.69106882	0	17.0468219	0	24.88099322	5.962815348	0	0	29.77793979	0	3.054869735	0	7.492818293	0	0.373226296	0	0.150798032	0.061440351	0	0.780663973
UM119	0	0	0	0	7.215762147	0	0.033108094	0	0	0.727347545	6.955117967	4.906947687	25.71696844	50.5121317	1.65469305	0.384988989	1.560386129	0.332548248	0	0	0.006940675	0	0.132377369	10.63109839	0	0.051319982	0	0	0.279317082	7.591551261	2.169087316	22.67915731	51.40490547	1.311027872	0.542240599	1.781743811	1.419232866	0	0.194510435	2.996013004	0.01709265	0	1.343593226	1.983642749	0	3.495948471	0	9.158447401	6.296195978	0	0.083024212	59.91932766	0	5.387911602	0	4.986586354	0	0.065895784	0	0	0.207190175	0	3.864620296
UM160	0	0.193500457	0	0	11.83735962	0.873125915	0.01335132	0	0	1.047204149	1.923877017	7.177965585	26.4138399	49.67520821	0.357413139	0	0.487154685	0	0	0	0.292812974	0.176469509	0	6.668271424	0	0.427625898	0	0	0.127929751	1.464439501	5.640296963	31.23096938	50.22339849	2.277481424	0.213521641	0.201131656	1.055651385	0	0.468726139	4.126753404	0.196317718	0	2.223035362	2.183053835	0	5.02496972	0	11.30096753	6.516387554	0	0	53.98688236	0	4.214551263	0	6.515831903	0	0.213296792	0	0.351916352	0.320695175	0	2.356614891
UM161	0	0.00420914	0	0.009065106	14.8137308	0.031510312	0.241374302	0	0	0.750008072	3.812639702	6.665412841	47.79554402	24.3666768	0.277823211	0.175776958	0.869852767	0.186375967	0	0	0.037453616	0	0	9.798430425	0.002256135	0.934914586	0	0	0.21473575	7.055939792	3.72458954	51.65469669	22.68216215	0.726465474	1.117077736	1.567378154	0.284394386	0.199505562	0.450897302	2.495894754	0.05999024	0	1.026034384	1.43673607	0.043069352	2.101131149	0	22.98523488	4.434891003	0.036504564	0	57.03850036	0	2.831647749	0	2.665796809	0	0.061798038	0	0.435129265	1.231694814	0	0.665049263
UM041	0	0.16173225	0	0.109032715	5.873076045	0.014321394	0.364009105	0	0	2.982205871	6.058934617	7.16183781	62.76612051	5.768908936	6.751560533	0.505684451	0.650233849	0.832341909	0	0	0.144156805	0	0.009044245	7.977669879	0.003832899	0.305315522	0	0	2.756555756	8.401309411	3.616800576	58.70108564	5.901017615	7.149770145	0.27787593	2.016122975	2.717271067	0.022171532	0.387718378	3.195406295	0.15955757	0	1.848534563	1.386239019	0.543684434	3.506266488	0	5.635267833	4.16635122	0	0	70.79294076	0	3.646777803	0	3.395112152	0	0.063662835	0	0.639407335	0.120176884	0	0.512896431
UM042	1.995154464	0.335043145	0	1.406029693	8.568579299	0.054717091	0.311965032	0.125669183	0	3.123567946	6.957210333	10.91521942	47.32603919	9.685825613	5.160393481	0.07908506	2.260658393	1.694842659	0	2.871783602	0.494862036	0	2.521219009	7.293080801	0.022907569	0.274558967	0.10230166	0	1.098162801	11.13542857	5.547386568	47.75988324	10.2557645	5.34706127	0.325774504	2.38521078	2.564614125	0	0.641951491	3.592886955	0.161126486	0.037676254	1.943244839	2.283573582	0	7.556194045	0	11.09942669	7.124291166	0	0.044031264	54.44251452	0.001250103	4.207500283	0	4.818000552	0.000352511	0.073532004	0	1.237953158	0.225262358	0	0.509231744
UM220	0	0.025066406	0	0	0	0	0.123002791	0	0	0.14548648	0	0	0.100586447	99.60585788	0	0	0	0	0	0	0	0	0	0	0	0	0	0	0	0.101498213	0.232276858	0	99.66622493	0	0	0	0	0	0.583331682	1.375225651	0.117053836	0	1.597001664	1.340376859	0	7.74178764	0	47.39773986	9.21842709	0.031811227	0.104642043	17.36452449	0	4.152737282	0	4.708702662	0.012852728	0.169604531	0	1.996291318	0.645391715	0.019909045	1.422588684
UM346	0	0	0	0	2.951926416	0	0	0	0	6.760451258	3.293347327	4.258285697	18.26154259	60.38492101	0	0	1.202071726	2.887453976	0	0	0	0	0	10.27356762	0	0	0	0	0	7.88834194	0.244569985	12.93677032	68.65675014	0	0	0	0	0	1.669358189	3.097609204	0	0	20.4544197	5.266683529	0	15.67489886	0	0.672035703	8.301994636	0	0	14.83324111	0	5.192230333	0	20.76706424	0	0.177653505	0	0.562374985	0.019767414	0	3.310668594
UM318	0	0.479839789	0	0.17383375	3.983134143	0	0.275848143	0	0	2.36057969	4.273261434	4.705604213	30.07411821	43.74353874	0.272360099	0	2.643718846	7.014162939	0	0.599596761	0.935139907	0	0.189780576	4.483155785	0	0.11769462	0.196759894	0	0.307881916	5.871362417	0.226062049	26.91439351	48.00507646	0.099142515	0.466578163	2.065035806	9.522339628	0	0.878902752	2.76530527	0.296027001	0	3.413389809	2.281906386	0	16.56992344	0	12.27139666	9.239590468	0.356758025	0	38.42604008	0	4.203467431	0	5.964087346	0.020627842	0.183511775	0	0.377529774	0.481225599	0.014761502	2.255548834
OM046	0	0.005873102	0	0.003195089	2.685296819	0	0.082868483	0	0	0.169395237	12.3662778	3.160102523	33.93994026	42.21711829	0.036414845	0.505604966	4.827912584	0	0	0	0.002264069	0	0	2.503336072	0	0.155028656	0	0.083860716	0.438287894	15.04624852	0.716381425	29.8363677	44.02991612	0	0.212138698	6.922398449	0	0.053771681	1.006201193	3.689502308	0.022598603	0	1.562259788	0.897985544	0	5.374153324	0	23.91586768	6.538578564	0	0.000231905	44.43693501	0	5.167176652	0	3.878768248	0	0.20509174	0	1.23000283	0.653431583	0	1.421215032
LHE01	0	0.726369836	0	0	0	0	0	0	0	22.50534344	0	0	0	76.76828672	0	0	0	0	0	0	0	0	0	0	0	0	0	0	12.52779125	0	0	0	87.47220875	0	0	0	0	0	0	1.169941552	0	0	0.105888638	0	0	0.239000223	0	70.13430826	0.669324335	0	0	24.99398769	0	1.206002401	0	1.23143433	0	0	0	0	0.021293689	0	0.22881889
LHE02	0	0	0	0	0	0	0	0	0	0	0	0	0	0	0	0	0	0	0	0	0	0	0	0	0	0	0	0	0	0	0	0	0	0	0	0	0	0	0	0	0	0	0	0	0	0	0	16.45883001	77.60940317	0	0	5.502834578	0	0	0	0.276143898	0	0	0	0	0	0	0.152788345
LHE06	0	0	0	0	0	0	0	0	0	0.923426445	1.998349149	0.529843462	3.442225848	92.14279816	0	0	0.963356937	0	0	0	0	0	0	0	0	0	0	0	1.245439113	0.162530508	0.621948211	4.418824433	93.4665837	0.084674036	0	0	0	0	4.972083677	1.440112715	0.021320077	0	0.519769259	0.48497613	0	1.17755859	0	33.52203708	14.65570339	0	0	32.01887629	0	7.727225883	0	1.989732327	0	0.030255842	0	0.075540173	0.323027619	0	1.041780947
OM001	0	0	0	0	0.155937393	0	0	0	0	0.01823398	1.104603036	1.998031953	11.90180716	84.34682998	0	0.425706734	0.048849761	0	0	0	0	0	0	1.690342143	0	0	0	0	0.000219141	0.356684549	3.192030433	7.617002831	83.55347902	0	1.617983527	1.972258359	0	0	1.596585438	2.763766574	0	0	12.13034679	3.831343812	0	8.736698814	0	9.340006964	6.608535728	0	0	32.15267833	0	5.810229639	0	8.609133636	0	0.89384456	0	2.250274445	0.051659091	0	5.224896186
OM006	0	0	0	0.716033514	2.7525124	0	0.08598172	0	0	1.139144597	4.339138034	1.776872142	17.53925414	70.01669286	0.184706942	0.352568203	1.020026984	0.077068463	0	0	0	0	1.571381958	4.630666311	0	0	0	0	0.579185022	3.953907516	0.85411991	13.45809036	74.29725155	0.266046043	0	0.338401887	0.050949437	0	0.448144671	1.690125197	0.156589228	0	3.673929478	3.855827966	0	4.240051861	0	3.147521246	10.58597025	0.053949722	0	42.69536614	0	6.31710817	0	2.977828391	0	0.135632583	0.235406408	2.735337575	6.193970516	0	10.8572406
OM044	0	0	0	0	0	0	0	0	0	0	12.91107515	0.326350522	32.59837005	50.85581473	0	0	3.30838955	0	0	0	0	0	0	0	0	0	0	0	0	13.55154069	0	35.03112899	51.30710155	0	0	0.110228779	0	0	3.941413421	3.829747218	0	0	8.263914064	13.61001673	0	8.160343456	0	3.036438738	13.14308574	0	0	24.98950865	0	5.889029566	0	8.299083001	0	1.817150584	0	1.058667362	0.130480144	0	3.831121325
OM047	0	0	0	0	0	0	0	0	0	0	0	0	0	100	0	0	0	0	0	0	0	0	0	0	0	0	0	0	0	0	1.697804135	0	98.30219587	0	0	0	0	0	0.586680918	2.250025664	0.134412097	0	2.172872153	1.320880031	0	8.478036186	0	50.87669124	11.54476561	0	0	9.815137775	0	4.590238102	0	5.965291597	0	0.531636723	0	0	0.125007165	0	1.608324739
OM074	0	0.018641426	0	0.535136274	6.173293228	0.021948282	0.145506648	0.028926942	0.012940823	0.54684014	7.302777678	7.704090256	45.16558142	27.65503508	0.280048149	1.298963698	2.963663155	0.146606808	0	0	0.032611263	0	0.626084541	6.878181942	0.045516922	0.205997186	0.173535621	0	0.715700168	10.06578377	4.876179338	44.71908837	27.73746073	0.17966883	0.329895305	1.945791792	1.404760652	0.063743576	0.758037571	4.321926372	0.097453356	0	3.392708919	1.585741727	0.390117399	7.581887603	0	9.731776813	10.09126141	0.023447388	0.002738051	49.09191771	0	4.29878671	0	5.47575672	0	0.166510822	0	0.355820069	1.507915522	0	1.126195839
OM079	0	0.104588547	0	2.102187078	2.862052949	1.03474284	0.116150155	0.18712393	0	0.765530176	3.512331016	5.976203337	29.37985748	49.45540694	0	0.622284597	3.805157223	0	0.076383728	0	0.049351632	0	2.022965557	2.953017007	0.661101846	0	0.255351912	0	1.298669273	5.288155255	3.207267693	30.57717059	47.85213921	0	1.089123207	3.843547742	0.825178322	0.07696075	1.089481178	2.298399092	0.065931714	0	6.746820442	2.367066946	0.085367577	9.590472326	0	10.54803886	8.540884599	0	0	41.18194713	0	5.614880488	0	6.538520837	0	0.25155018	0	0.989936408	0.149483691	0.001154662	3.940063871
OM081	0	0	0	0.573177286	1.762147116	0.004006946	0.001610876	0.003243471	0.005815796	1.009296692	5.563586229	2.615625801	25.15220722	61.26184348	0.144279652	0.225755945	1.105251054	0.572152435	0	0	0	0	0.866315167	2.642890799	0	0.17477569	0.089761909	0.005993818	0.772155258	7.340054593	0.506626706	23.09895544	62.16433569	0.21128282	0.223935415	0.845195604	1.057721096	0	0.791169803	2.687781464	0.135952506	0	6.04314268	2.213176671	0	8.865079128	0	7.200780782	11.88946324	0.141490325	0.011680032	42.58209343	0.077646014	6.008981414	0	4.487023074	0	0.281657614	0	0.610823393	1.736544337	0	4.235514094
OM140	0	0.024797732	0	0	4.636530246	0.242596362	0.143542312	0.081495661	0.529540379	2.015837652	5.126479537	6.725656469	37.36251445	39.20745386	0.747272759	0.547536696	2.549729425	0.059016458	0	0	0.018935653	0.171140409	0	6.482215698	0.381581651	0.203754799	0.015907862	0.551134393	0.517570898	6.973626328	3.287845475	37.50846031	41.08455873	0.270973715	0.537305003	1.505095517	0.454609865	0.035283696	0.302522212	4.186544966	0.132272098	0	2.586408319	1.936177669	0	5.999917193	0	12.81480156	8.48781965	0.004871031	0.000202304	52.03646945	0	4.069407764	0	4.141140056	0	0.08859315	0	0.588534676	1.906020813	0	0.718297086
OM177	0	0.059261161	0	0	6.278846148	0.224247422	0.25504153	0	0.283366396	1.301011866	5.287900345	7.107786923	38.34213245	38.07605189	0.181223687	0.333698263	1.906300811	0.363131108	0	0	0.093291194	0	0	6.664644097	0.353221035	0.833996187	0	0.329237292	1.119279771	8.284827728	2.701609012	38.07449954	38.42915895	0.141494843	0.197694287	2.02280969	0.712679056	0.041557324	0.482531583	3.153268542	0.110747676	0	1.48036924	0.847263584	0.026382472	3.859139298	0	15.08573065	7.068923785	0.006555153	0.000619144	57.97291208	0.000421162	4.233517581	0	4.351503944	0	0.059711199	0	0.000382939	0.587683679	0	0.672336286
OM178	0	0.0478256	0	0	2.068127158	0.119766973	0.001305796	0	0.65441355	0.546654293	2.192504124	5.380093949	17.11046412	69.53777446	0.288955136	0.276038537	0.256011764	1.520064539	0	0	0.025761912	0	0	6.385610754	0.215358644	0.08293692	0	0.663770404	0.226319938	2.357693721	0.84988135	19.41997852	66.8376659	0.032604761	0.640266557	1.179291105	1.08285952	0	0.302841008	2.684100819	0.026367036	0	1.63765269	1.163280536	0	3.551432059	0	3.259747053	5.014962414	0	0.246099793	65.86816932	0	5.232803129	0	5.456862814	0	0.304332619	0.202760393	1.295108248	0.991165038	0	2.762315026
OM193	0	0.077219026	0	0.625663366	7.038852368	0.604518667	0.433257044	0.018182604	2.454385594	1.43865306	8.104176114	6.787222146	43.12480179	21.86967506	1.420099537	1.434336269	3.401145796	1.167811562	0	0	0.072239047	0	0.674854656	7.706911788	0	0.248385107	0	2.452396088	0.659429984	7.525652534	3.892672903	47.77360191	21.4451382	1.759003927	0.076066586	3.201533926	2.408716491	0.103396858	0.935510564	2.949535154	0.052538259	0	4.293029904	3.41594168	0	6.880841864	0	6.623630232	7.653595131	0.002274263	0	51.02873726	0	5.346727889	0	6.884576913	0	0.263697395	0.770606808	0.369377134	1.25206713	0	1.277312416
UM200	0	0.047815416	0	0	0	0.035208353	0	0	0	6.232595028	0.696770553	0	3.303031646	88.95345335	0.190080757	0	0.541044893	0	0	0	0.43385235	0	0	0	0	0	0	0	3.068732795	0.151209456	0.441702087	3.715169405	92.18933391	0	0	0	0	0	4.447854938	2.943970613	0.091610119	0	6.249994882	5.216629409	0	9.976158946	0	9.369520028	9.948173562	0	0	28.83400261	0	7.895734678	0	7.904461312	0	0.882619476	0	3.335594148	0.385054449	0	2.518620829
UM230	0	0.090455345	0	0	1.40310354	0	0.130467892	0	0	0	0.746064509	3.358449193	7.595393178	86.42963112	0	0.073744556	0.172690667	0	0	0	0.110808525	0	0	3.096270239	0	0.059711611	0	0	1.735447695	0.149831391	1.091518764	5.299853556	86.20110391	0	0	0.751197914	1.50425639	0	0.32674982	1.632701912	0.093063949	0	0.810276309	1.307395434	0	5.943110459	0	47.65357239	10.01311516	0	0	23.37283129	0	3.145784094	0	3.471851707	0	0.044720071	0	0	0.637049552	0	1.547777855
UM246	0.433164514	0.148869801	0	0.002627917	2.464081413	0	0.320046212	0	0	3.437240132	5.410039448	3.132480202	27.93572618	55.03591762	0.064426653	0.33146937	1.052479193	0.231431344	0	0.412715734	0.151216822	0	0	2.70136271	0.056974385	0.670485768	0	0	4.098374789	6.08391225	1.151055464	26.7629445	55.18284865	0.266489472	0.464094993	1.763383223	0.1485597	0.085581544	0.717823895	3.888207084	0.058449996	0	1.328869322	1.805967027	0.016556802	2.893780664	0	14.53250699	6.50748413	0.005387152	0	58.03540093	0	3.765328061	0	4.204042362	0	0.044594136	0	0.00619528	0.27455473	0	1.91485144
UM236	0	0.076471654	0	0	0.237122519	0	0.494713033	0	0	5.03653843	7.149406786	5.776424468	20.2836697	60.09291748	0.327886936	0.317454199	0.20739479	0	0	0	0.061489616	0	0	0.43948115	0	0.366794708	0	0	1.119692557	4.260749081	2.132771267	24.44538486	66.88788633	0.285750429	0	0	0	0	0.394869435	0.97853235	0.062651591	0	1.257392354	0.657357968	0	3.550962984	0	55.13187339	11.61057357	0	0	18.00863888	0	4.115760711	0	2.763955169	0.054798936	0.047137805	0	0.036504821	0.076752072	0	1.252237959
UM233	0	0.252080943	0	0.077247138	9.400539905	0	0.563803997	0	0	0.82592613	0.58504517	4.758687363	15.47484956	66.79775026	0	0	0.677411813	0.586657724	0	0	0.213335734	0	0	4.125250119	0	0.286201065	0	0	0.031944846	3.495081664	2.780616533	16.95676791	69.42944771	0.297730266	0	0.350175731	1.957206338	0.076242082	0.569226971	2.09420551	0.156689227	0	1.205396724	1.357935327	0.006082311	8.870147583	0	24.48678554	14.48005704	0.062333481	0	34.55499321	0	6.133909689	0	4.739572322	0	0.118376207	0	0	0.098270012	0	1.066018852
UM249	0.859817634	0.035818729	0	0	1.380821243	0.089709844	0.692592643	0	0	3.401545162	8.721641776	3.867523638	32.70393342	42.89616497	2.448206469	1.05898767	0.436281888	1.406954913	0	0.923482663	0.060950936	0	0	0.44987284	0.168033531	0.074650593	0	0	6.433443477	9.601290526	0.78328079	32.4582757	38.3911228	4.346897922	0	1.126302279	5.182395948	0	0.594597567	3.13136409	0.063863111	0	1.193139037	2.70807473	0	2.597211741	0	3.502333476	7.009953389	0	0	63.83889585	0.142426084	4.290215736	0	4.968663734	0	0.300457413	0	0	0.042025966	0	5.61677808
UM120	0	0.237524157	0	0	8.233927224	0	0.032686414	0	0	0.47459899	1.660739909	3.641089025	29.41217966	53.39869616	1.891914773	0	0.6752672	0.341376487	0	0	0.23323861	0	0	6.477385592	0	0	0	0	1.122533233	3.181449707	2.918339946	26.40624328	53.83364885	2.696474815	0.474678964	0	2.656006998	0	0.293989019	1.868659087	0.064700928	0	0.821811126	0.75260564	0	2.339901392	0	20.2219772	3.117281569	0	0	56.7446823	0	6.488771492	0	3.821290718	0	0.035656535	0	0	0.090207422	0	3.338465569
UM125	0	0.024886422	0	0	2.441001944	0.668338512	0.018515593	0	0	0.716723974	1.459776719	2.412371845	13.69410706	77.58069052	0.170321738	0	0.813265676	0	0	0	0.00428117	0	0	1.744157277	0.200417109	0.020088979	0	0	0.229872796	2.767557056	1.322061031	12.95814048	79.18487355	0.249951074	0.027335977	0.076081971	1.21518153	0	0.3929048	1.207483828	0.01178667	0.040584031	1.40829366	1.123724495	0	2.183957206	0	20.33475895	6.892640252	0	0	52.81107099	0	3.441631425	0	3.727454015	0	0.218472472	0	0.624375066	0.081679856	0	5.499182284
UM180	0	0.229057359	0	0	0.738750907	0	0.043906698	0	0	0.143910718	2.947450313	2.148443249	15.9461629	76.40609114	0	0	1.396226718	0	0	0	0.205139725	0	0	4.001845304	0	0	0	0	0	3.421602544	0.677046639	6.459879306	80.61253546	0	0	4.621951023	0	0	0.590488821	3.497555502	0.161932653	0	1.808547704	0.35086651	0	7.272130045	0	37.62575998	8.478833637	0	0	27.51891519	0	6.7957026	0	4.184766402	0	0.231124578	0	0	0.095333712	0	1.388042661
UM192	0	0.010300879	0	0	1.06403209	0.128117307	0.062696312	0	0	0.933000619	2.346568902	1.334119483	18.09439953	75.12410992	0.012156326	0.143849661	0.746648967	0	0	0	0.018318911	0	0	1.586686336	0.550062608	0.029585662	0	0	0.456843633	4.409940308	1.22538027	15.06685696	76.0482374	0.012231946	0.128914274	0.466941685	0	0	0.166483615	2.053529224	0.041513509	0	0.72604465	0.550311523	0	1.751091466	0	25.60698341	9.902886287	0	0	51.55512225	0	4.32790224	0	1.350137399	0	0.032594086	0	0.019377187	0.215792238	0	1.700230916
UM202	0	0	0	0	0	0	0	0	0	1.282989282	0	0.183957129	2.64318818	95.6887191	0	0	0.20114631	0	0	0	0	0	0	0	0	0	0	0	1.541433291	0.650051684	0.115517127	1.310231594	95.7753859	0	0	0	0	0.607380403	0.054049848	2.014418591	0.031326658	0	2.964699658	0.596927956	0	5.20998577	0	32.6332831	11.17655872	0	0	27.98932331	0	4.019140497	0	7.895579631	0	0.083225702	0	3.836066033	0.14417044	0	1.351244088
UM231	0	0.021533684	0	0	4.577705462	0	0.335123219	0	0	4.47911055	2.189035843	5.352357689	34.01323649	48.2070773	0.156364114	0	0.668455656	0	0	0	2.89838897	0	0	6.367933175	0	0	1.814379408	0	4.234145122	4.909761021	1.782714442	26.78088561	49.36283899	0.131203848	0	0.275933045	1.44181637	0	0.10380593	1.59148441	0.034677263	0	0.696257266	0.795705915	0	3.035482911	0	50.09939673	4.268709576	0	0.067204566	32.57965656	0	3.183950358	0	2.355931494	0	0.061246067	0	0	0.03410722	0	1.092383729
UM268	0	0.03413735	0.195617877	0.021867655	3.330371042	0	0.044673822	0	0.029508415	0.218133079	7.676450563	4.427993964	53.308823	20.76561825	6.981784671	0.656227245	1.948073565	0.360719501	0	0	0.03688849	0	0.02231981	4.452120744	0.462945996	0.007174729	0	0.030118451	0.361284088	13.28596189	1.523512308	51.5812968	17.70569558	6.098708712	0.342867928	2.061363669	2.027740814	0	0.494148917	4.698572031	0.030876163	0.079449479	2.271423303	1.451743623	0	2.764381915	0	3.311897706	4.395479837	0.00074332	0	72.44295581	0	2.447584339	0	4.145363576	0	0.109921287	0	0.188800468	0.191305624	0	0.975352601
OM004	0	0	0	0	2.037857657	0	0	0	0	0.705085184	3.237870476	5.040763451	11.17213784	77.4100768	0	0	0.396208591	0	0	0	0	0	0.103438842	4.192902169	0	0	0	0	0.799098015	3.498554364	0.448048079	12.99257482	77.8001385	0	0	0.165245214	0	0	0.573748352	1.604054994	0.165971896	0	0.828382296	0.709749434	0.615970279	2.446441019	0	12.83992342	13.61895413	0	0	48.60944403	0	5.722075014	0	1.532182668	0	0.075747611	0	0.349016428	2.684594648	0	7.623743783
OM012	0	0	0	0	0	0	0.324416937	0	0	0.377332382	3.635605581	3.01978076	5.693929729	81.47874355	0	0	5.470191063	0	0	0	0	0	0	3.044896042	0	0	0	0	3.783379038	0.047112113	2.482250893	9.337291599	78.9704693	0	0	2.334601016	0	0	0.395865179	1.10681537	0	0	3.424258691	0.853937072	0	4.530483145	0	49.76665379	9.621133689	0	0	15.95625073	0	6.247355131	0	5.550588585	0	0.35203905	0	0	0.377316894	0	1.81730267
OM017	0	0	0	0.005686619	2.866538306	0	0.251358733	0.017441522	0.052902393	0.344847246	6.282395971	2.65287873	25.77107827	58.10671603	0.033270067	0.828649424	2.786236697	0	0	0	0	0	0.004707539	2.138446757	0	0.002296406	0.017791665	0.053153107	0.325381647	9.385289741	0.545185522	24.54479739	58.88397684	0.051367519	0.746640515	3.062198565	0.238766787	0	0.507330648	2.879559357	0.037074348	0	1.062968553	1.251642084	0.001070342	5.01989393	0	19.50842995	8.785523296	0.056147787	0.000562605	49.36108124	0	4.548657719	0	4.046827194	0	0.175994702	0	0.770662681	0.886471944	0	1.100101628
OM043	0	0.013419291	0	0.022954584	1.923615842	0	0.141178892	0	0	0.20567842	5.719441466	3.110370057	28.59829656	58.57812869	0.001632022	0.129340651	1.555943535	0	0	0	0	0	0	2.762915001	0	0.04358397	0	0	0.169226934	6.22921271	1.116212807	26.65634438	59.01455763	0.042573622	1.061765712	2.693856571	0.209750659	0	0.543331963	2.852617227	0.291878745	0	1.245749405	1.466597935	0	5.045724774	0	31.37407109	6.056484032	0	0	41.25946045	0	4.439160081	0	3.577171123	0	0.141432852	0	0.004846154	0.432699787	0	1.268774383
OM048	0	0	0	0	0.638720285	0	0.247494036	0	0	0	6.934976645	7.471465563	20.70255384	58.62311965	0	0	5.381669977	0	0	0	0	0	0	0.072732165	0	0	0	0	0.704816394	7.352762053	2.464610447	22.39401925	57.93411117	0	0	9.076948519	0	0	0.410542019	3.192759067	0	0	3.117729749	2.873122064	0	9.71920043	0	15.38967936	7.279014797	0	0	40.32950352	0	7.593561242	0	5.491023155	0	0.074013044	0	1.276981583	0.75029815	0	2.502571821
OM071	0	0	0	0	3.652742275	0.195766376	0.036748784	0.009807615	2.688713224	0.715536462	10.91704727	7.9346223	31.29127413	39.60269823	0.014479354	0.05679928	2.883764703	0	0	0	0.007370459	0	0	4.103850397	0	0.102742248	0.086188522	3.068997139	0.343124217	11.95735541	2.147852183	31.64612676	43.07546494	0	0.847393956	2.285769196	0.262665482	0.065099097	0.251204979	3.529035969	0.087618037	0	2.370555326	1.365146955	0	6.714149074	0	21.27702125	9.565197897	0.066711623	0	41.08013732	0	5.615969792	0	3.610139514	0	0.062908706	0	0.530807836	2.270900197	0	1.602495525
OM078	0	0	0	0.078066736	0.52398551	0	0.472095142	0	0	2.336855779	2.331484074	2.506964771	12.55062648	76.51663422	0.005336931	0.115418059	2.5625323	0	0	0	0	0	0	0.276640624	0	0.552922646	0	0	0.517636224	1.946584777	2.890547974	13.19979992	77.87459601	0.010852091	0.027063859	2.703355877	0	0	0.195034289	0.856646848	0.047605991	0	1.082703503	0.353316973	0.196556094	2.961282277	0	17.80178759	19.76604656	0.000706762	0.099509586	43.83140852	0.030371414	8.251171317	0	2.474397346	0	0.054036697	0	0.385677303	0.257169608	0	1.354571319
OM132	0	0.02403006	0	0.005068902	2.712146571	0.01555269	0.026885999	0	0	0.95654244	3.980369854	4.930654521	18.32423364	66.94201773	0.283223688	0.449675815	0.681798325	0.667799765	0	0	0.01570451	0	0	5.274762782	0	0.03103848	0.013679501	0	0.811177275	5.523820407	1.626232027	15.58286975	68.98914396	0.203203123	0.453249248	0.692986004	0.678915798	0.103217139	0.490650809	3.288571997	0.033922061	0	4.074228552	1.831282923	0.031053665	4.707793019	0	4.390607117	8.718917237	0.065560907	0.008048203	56.69417055	0.00036367	5.59391146	0	5.249349248	0	0.252567527	0	0.469277124	0.620645252	0	3.479078676
LHE03	0	0	0	0	0	0	0	0	0	0	0	0	0	100	0	0	0	0	0	0	0	0	0	0	0	0	0	0	0	0	0	0	100	0	0	0	0	0	0.437495829	4.613139574	0.278510876	0	1.056440699	0.690059623	0	6.321909261	0	6.723678064	1.266090358	0	0	66.68350402	0	6.319438248	0	2.772753252	0	0	0	0	0	0	2.836980199
UM001	0	0.165305462	0	0.003986843	3.424706875	0	0.162886326	0	0	2.561341119	0.430216545	3.40653904	18.7578498	60.23043536	0.670855556	0.001214434	1.417712078	8.766950561	0	0	0.313228071	0	0	3.132571104	0	0.008525707	0	0	2.138438854	5.907696443	1.485875626	12.74216257	66.20552867	0.772171467	0	0.167793957	7.126007529	0	1.226116835	1.078926809	0.137709324	0.011424541	4.43473746	7.002389063	0.049139035	6.847771423	0	1.498521653	6.624805605	0	0	23.58194252	0	9.048832178	0	2.518919403	0.854369869	0.755932228	0	0.659372698	0.405828282	1.554506456	31.70875462
UM004	0	0.07249612	0	0	4.808511274	0	1.142868544	0	0	8.239619664	9.999189513	3.646547347	9.318829801	55.9140732	2.38665289	0	0.225655612	4.24555603	0	0	0.010622599	0	0	4.868081053	0	0.279032827	0	0	7.503812348	11.33348073	3.567733536	8.676773075	60.9915164	0	0	0.895235615	1.873711824	0	0.403870148	0.750710744	0.040605438	0	3.251272832	2.764342379	0.085901493	3.687620961	0	15.21375766	5.389325435	0	0	24.49487386	0	7.764928116	0	3.335665007	0.628733367	0.26611763	0	3.800113655	0.092826768	0.329752352	27.69958216
UM015	0.851630449	0	0	0	0	0	0	0	0	10.95865958	0	3.931931522	0	81.39008381	0	0	2.867694635	0	0	1.079472327	0	0	0	0	0	0	0	0	1.765809454	4.702498261	0	0	89.42662338	0	0	3.025596578	0	0	0	0.008688506	0	0	0	0	0	0	0	24.18337696	18.6814311	0	0	43.13427709	0	12.41630396	0	0.504414808	0	0	0	0	0.03955695	0	1.031950632
UM024	0	0.08254838	1.457327788	1.033481824	5.539073024	0	0.057472183	0.035218505	0	1.522254425	2.696979114	7.608900021	56.90953728	11.53266253	9.42280946	0.168991094	1.033992688	0.847483829	0.051267848	0	0.22495958	1.740114829	0.40376665	4.38570782	0	0.069440246	0.116476259	0	3.886117181	4.93955082	3.83378508	56.25020357	12.39124346	5.822644198	0.007993947	1.849287091	3.853691398	0.225017863	0.443940109	1.547792518	0.070015422	0	2.204262447	2.152100558	0.086609047	2.590634472	0	7.343539536	8.839024963	0.042751326	0.091854572	59.97711302	0	4.992022694	0	3.520396652	0	0.098817423	0.507285785	0.062482643	4.761136137	0	0.668220676
UM025	0	0.036571056	0	0	9.335131829	0	0.121396462	0.077822425	0	0.241489285	4.484627613	8.344528657	44.78021936	26.97491175	2.677370511	0.113893038	2.569024886	0.243013126	0	0	0.162753042	0	0	7.822211085	0	0.009606345	0	0	0.155338973	6.014274319	3.931112501	50.10568761	26.90975469	1.233328875	0.057408266	2.463559972	1.134964322	0	1.532557972	2.824632404	0.119424701	0	2.060984842	5.040341398	0	4.968148575	0	6.490664557	6.231686168	0.017530997	0	61.18200951	0	2.20565847	0	5.509997664	0	0.109330022	0	0.332722874	0.286390038	0	1.087919806
UM027	1.630267624	0.233039063	0	0.058866402	4.296027178	0.001628451	0.0925666	0	1.673810651	2.376810787	11.00006415	6.142973068	48.36007776	11.57244584	10.41051451	0.020398114	1.565865413	0.564644384	0	2.547429227	0.270208964	0	0.031240653	6.564532261	0.001652141	0.031293878	0	1.683871442	0.781525049	11.26171224	1.877300234	53.43616128	11.92699253	6.556786382	0.260994618	1.361595756	1.406703344	0	0.658579881	3.818789062	0.09702025	0	1.694001488	2.127929871	0.095640623	4.193618483	0	8.231487401	4.833715055	0	0	65.37138525	0	2.6955492	0	3.825476632	0	0.20643918	0.001285798	0.131012456	0.958167521	0	1.05990185
UM052	0	0	0	0	4.224437562	0	0	0	0	0	4.63907921	12.82878932	35.21176087	24.79712031	7.605406587	0	5.649247619	5.04415852	0	1.434148244	0	0	0	11.07786054	0	0	0	0	0.060767831	17.4299924	6.465129006	38.15521258	20.99022163	0	0	4.386667758	0	0	2.492434771	9.119856293	0.155819804	0	4.574473896	3.668028725	0	5.936394555	0	0.763043283	4.980069115	0	0	55.31420369	0	5.656613033	0	5.689649977	0	0.478467676	0	0	0.311615727	0	0.859329457
OM008	0	0	0	0	0.037066413	0	0.000197388	0	0	0.181555414	6.241319786	1.067055689	17.0213454	74.04608804	0.032243247	0.325241982	1.047886638	0	0	0	0	0	0	1.265830637	0	0	0	0	0.11385983	7.334472002	0.110506846	14.69147634	74.13185487	0	0.147132359	2.204867112	0	0	1.276493127	3.598814612	0.128169265	0	2.511908205	1.27366919	0	6.309751562	0	9.309563473	5.131355831	0	0	56.01539707	0	4.415883257	0	4.633374285	0	0.048842604	0	0.895716338	0.154527507	0	4.296533672
LHE05	0	0	0	0	0	0	0	0	0	44.48019892	17.13593421	7.678277502	2.982678205	19.36898147	0	0	0	8.353929684	0	3.523970606	0	0	0	0	0	0	0	0	26.96586881	3.90212545	2.204659079	12.27772603	38.72269879	0	0	5.287801192	7.115150046	0	0	1.906494632	1.495803677	0	2.591071677	7.938909969	0	1.46811419	0	0.880871962	6.154604572	0	0	49.23432375	0	12.95906549	0	11.3721689	0	0	0	0.210075576	0	0	3.788495607
LTH01	0	0	0	0	6.015167339	0	0	0	0	5.533339851	0.776337625	13.57975275	17.71962664	53.6156666	0	0	2.760109184	0	0	0	0	0	0	0	0	0	0	0	0	3.838243893	1.792177159	22.49264683	65.82523604	0	0	6.051696071	0	0	0.007940413	0.217156173	0	0	0.34873975	0.236991141	0	0.438513898	0	22.52339033	11.22943757	0	0	32.99866773	0	17.14329866	0	2.136822378	0	0.177275311	0	0.562274175	10.73048316	0	1.249009306
OM007	0	0.017155322	0	1.458190779	7.077458685	0.501660373	0.174144791	0.010015333	0	1.035068144	4.676715348	4.591743222	27.01571875	47.39191501	0.485853285	2.08058824	1.664330692	1.819442027	0	0	0.019253596	0	0.608305276	5.453703554	0	0.049792006	0	0	0.428832263	7.345820037	1.994589359	27.62136074	50.52931595	0.256275647	0.231925019	0.645531813	4.815294733	0	0.059584348	0.761865688	0.03836136	0	1.8911876	1.340803162	0.820285653	1.404882776	0	3.77654644	11.06314368	0	0	40.24019048	0	11.54942698	0	2.927854108	0	0.01498029	0	2.9000974	12.586665	0	8.62412504
OM023	0	0.111165045	0	0.075019204	1.565790668	0	0.329101638	0	1.504197163	1.24565944	6.998326295	4.867759996	32.51271155	47.31231973	0.042324761	0.618442204	2.390177687	0.427004622	0	0	0	0	0.109945727	4.63224054	0	0.530414308	0	1.579933624	0.097668579	9.957139398	1.687981034	26.73570658	49.2437127	0	0	3.902225229	1.523032282	0	0.329904757	4.55273202	0.042655823	0	2.169866416	1.17272923	0.280253087	6.351957696	0	21.35353861	6.310480697	0	0	45.10993222	0	4.235523602	0	5.293120865	0	0.101794291	0	0.143281768	1.13359382	0	1.418635105
OM025	0	0.014797536	0	0.006348619	2.788451786	0	0.070328074	0	0.179717079	0.807050795	3.855183762	5.44243566	21.70082783	60.56830065	0.034493383	0.507979458	4.024085366	0	0	0	0.048975072	0	0	2.367379282	0.091936862	0.184689058	0	0.179625066	0.442017162	5.261274588	2.681620051	22.95624256	60.52170014	0	0.157723582	5.106816578	0	0	0.444688478	1.894759426	0.069265201	0.007072084	1.691773512	0.692435344	0.234428357	3.87948584	0	38.01906335	7.092885629	0	0.02543204	36.3410932	0	4.468782171	0	2.412982877	0	0.110886986	0	0.468377888	0.769131425	0	1.37745619
OM045	0	0.02079843	0	0	0.464636387	0	0.094068231	0	0	0.442796576	3.01249861	2.151232669	14.63405727	76.32574807	0	0.679110278	2.175053481	0	0	0	0	0	0	0.776998401	0.036424181	0.043814924	0	0	0.39062397	4.599265387	1.014651969	13.40366496	77.12267104	0	0.672773734	1.673160347	0.202832834	0.06311825	0.178969084	2.424344399	0	0	1.397138644	1.185822885	0	2.937346719	0	5.737875589	7.355680904	0.018648383	0	64.11567787	0	5.91387052	0	2.916043739	0	0.013832829	0	0.426219937	0.263838026	0	5.114690467
OM169	0	0.072982804	0	0	8.868106024	0	0	0	0	0.277920386	6.187171275	5.332472468	40.39765105	34.73508686	0.398198919	0.791931834	1.306751088	1.631727294	0	0	0.068830623	0	0	8.193310944	0	0	0	0	0.731484411	8.775706103	1.462532516	42.03578106	34.11085317	0.798233437	0.062605363	2.076780629	1.683881737	0	0.284605079	3.763029915	0.034981603	0	1.372439304	1.124473508	0	4.287431719	0	10.86818937	6.410133732	0	0.002689165	65.99109181	0	1.638515614	0	3.25302834	0	0.043668736	0	0	0.232583933	0	0.693138163
UM020	0	0.152269633	0	0	10.06909089	0	0.098368674	0	0	2.038359693	9.217516829	9.603498236	43.03575965	22.67004884	2.036700996	0.056402808	0.307383522	0.714600226	0	0	0.118352574	0	0	6.39021822	0.248458908	0.348380105	0	0	1.097666189	11.08216087	1.381026306	48.82849499	22.92566337	1.127570917	1.519936299	0.828319465	4.103751778	0	0.513129768	1.892792449	0.097530824	0	5.358990125	2.230550691	0	4.346423646	0	3.327291138	6.190149629	0.020397124	0	69.42731715	0	1.38413135	0	3.690602557	0.100622479	0.08176759	0	0.20300959	0.385716458	0.208475866	0.541101567
UM022	0.002827216	0.215687058	0	0	14.74383148	0	0.516136557	0	0	0.68191237	2.601225287	7.883971694	51.58056773	17.60365298	1.298047658	0	1.597661553	1.27447842	0	0	0.028226404	0	0.004188846	15.27290631	0.142890095	0.578630231	0	0	0.234431669	6.074031009	3.963037923	47.46853095	17.31666218	1.799999144	0.499416249	1.065047151	4.413526809	1.138475038	0.202457312	2.757574548	0.146994654	0	1.232406895	2.276972699	0	5.269531974	0	12.51625991	4.772923146	0	0	61.05821342	0	4.57095127	0	4.522070271	0	0.043724689	0	0	0.155628955	0	0.474290258
UM051	0.546441028	0.05001355	0	0.746737261	6.498833712	0	0.356127829	0.042668765	0.469582132	2.665377809	10.44747677	6.502946248	46.35043649	16.41266447	5.542152727	0.102427491	2.458549853	0.652930595	0.154633266	1.738844094	0.167468021	0	1.071187551	7.865949943	0	0.145878308	0.0404035	0.287612907	1.435920313	11.2108099	3.01008422	48.58228589	15.79694046	2.810327639	0.112413536	2.610235552	2.923598545	0.190039613	1.058613868	5.130635298	0.097938111	0	1.565018025	1.810094655	0.278566612	4.932893657	0	12.03611965	5.349604061	0	0	57.43035067	0	3.773608061	0	4.414386015	0	0.058831598	0	0.261393253	1.027972191	0	0.773974281
UM095	0	0.101336179	0	0.640457248	13.63135283	0	0.459188804	0.061593847	0	2.91063557	0.599129243	8.077006693	54.18522928	14.63312285	1.589790978	1.20205249	1.909103993	0	0	0	0.035530173	0	0.853823609	13.52565368	0	1.360748199	0.061091479	0	1.720886555	4.236528032	5.822480792	49.99801968	13.95847648	4.047358827	1.383907758	1.677661423	1.317732407	0.000100916	0.799572366	3.994547813	0.104838715	0	1.192802488	2.338642706	0.568726596	5.621677579	0	12.46196229	7.287098728	0	0	52.8380184	0	2.835159977	0	9.085228535	0	0.090818049	0	0	0.203964146	0	0.576941615
UM121	0	0	0	0	9.249754972	0	0	0	0	0.44695157	6.842057804	6.125606371	45.80985657	30.36136373	0.087216522	0.186983588	0.890208877	0	0	0	0.040612025	0	0	10.43562302	0	0	0	0	0.148207305	6.628315365	3.656783082	43.98518559	30.95317765	1.538604519	0	2.580098516	0.000506671	0.032886251	0.167407187	3.888256233	0.101893242	0	2.25260793	0.96591622	0.003246115	2.014589076	0	0.126452621	4.876102254	0	0	79.16382426	0	1.043426689	0	3.865036127	0	0.462098759	0	0	0.300267339	0	0.768875953
UM122	0	0.014074727	0	0	11.67154291	0	0.021045411	0	0	0.069957812	3.592367938	5.435297684	51.56112965	26.20952095	0.88421148	0.064367687	0.47648375	0	0	0	0.025538107	0	0	10.48494727	0	0.001641318	0	0	1.557843464	7.458476902	4.558141598	45.06018661	26.89114952	2.313790112	0	1.632570119	0	0.015714974	0.470136033	3.281026075	0.007458237	0	0.225758264	0.473626726	0	2.595377819	0	6.696427467	7.503202183	0	0	72.24688362	0	3.123288945	0	3.061750036	0	0	0	0	0.021165211	0	0.293899385
UM129	0	0.073889568	0	0.209613355	13.05688076	0.04898757	0.128125324	0	0	1.797220945	3.668058045	7.651587474	47.93964249	20.48876237	2.674971771	0.921158715	1.34110161	0	0	0	0.140295206	0.345209416	0.539950197	10.61905969	0	0.203846819	0	0	0.377058366	8.256330617	3.220794513	50.47230929	21.24376251	1.940491662	0.428587942	1.646357105	0.562960974	0.002985683	0.287296919	2.870932587	0.062917345	0	0.788189069	1.230639637	0	3.530860225	0	11.04606947	4.555257324	0	0	68.22848227	0	3.030756362	0	3.232664086	0	0.113933405	0	0	0.489715021	0	0.532286277
UM151	0	0.079190669	0	0	6.017786067	0.172991926	0.089227263	0	0	0.818639478	3.581597836	4.053491546	28.90821626	53.98558256	0.224323273	0.462209115	1.497473213	0.109270796	0	0	0.248073599	0	0.10646739	5.553793563	0.409078363	0.341135411	0	0	0.399673288	4.315665153	2.095253049	26.92354473	54.98036551	0.714441011	0.396923185	2.089846927	1.425738813	0	0.622563838	3.494889773	0.111060965	0.096989314	1.604526486	1.7866555	0	5.587128505	0	24.54889368	7.136665832	0	0	44.40885832	0.000810774	4.526175949	0	4.585873185	0	0.174075112	0	0.037162989	0.162111119	0	1.11555866
UM252	0	0.017517284	0	0	4.535568458	0	0.128692058	0	0.006000196	2.866706763	6.275744804	2.97409785	43.97223327	36.5468215	0.234060234	1.298113008	1.144444579	0	0	0	0.022539847	0	0.001591547	4.585738713	0	0.181992335	0	1.136431864	3.490737179	5.994741455	0.131462064	45.26762996	34.12045449	0.480049656	0.30939466	2.334221607	1.943014625	0	0.230405697	3.712054639	0.036427104	0	0.938891001	0.407679536	1.688171174	1.217564106	0	12.04003069	8.422013155	0.014374982	0	62.63217797	0	3.891002985	0	3.268448745	0	0.011891401	0	0.064097406	0.983279443	0	0.441489964
UM006	3.06861699	1.054794305	0	1.577688908	5.399739952	0.79700494	0.061312408	0.163066434	0	5.750278037	2.914955813	6.086589868	27.81205446	40.98392272	3.369851601	0.043312599	0.620489892	0.296321068	0	4.757412573	1.052226347	0	1.479874953	3.368079921	0.036655857	0.569263807	0.070920392	0	5.057959316	4.673349716	2.32057872	29.04888869	41.65895939	2.588359164	0.420216807	1.183463609	1.625880182	0.087910551	0.799792056	1.024493881	0.038321013	0.007332153	3.794663554	5.709387803	0.290687174	3.549483419	0	2.308645655	6.837611962	0	0.045597937	29.80581436	0	7.957290753	0	4.779705307	0.864731386	0.622898111	0.020318414	1.508593285	4.693792558	0.406171477	24.93466774
UM012	0	0.134352121	0	2.323790533	11.16790824	0	0	0	0	0.293031876	0.176679659	6.709274496	44.20437728	26.16977752	0.726921721	0	5.724283999	2.369602562	0	0	0	0	0.999700458	2.608100035	0	0.062342662	0	0	0.133917311	1.311987318	0.148499382	63.20586369	25.66324467	0	0	2.005157807	3.861186664	0	0.288475849	2.189926813	0.403119842	0	2.513834215	2.699669451	0	10.75830863	0	16.07988509	5.787732841	0	0	42.49864515	0	7.426397624	0	3.845674014	0.104433071	0.121860037	0	1.383426939	0.738045334	0	3.160565096
UM023	0	0.220670244	0	0	5.42909988	0.851000625	0.758405158	0	0	2.340839594	2.481719818	10.30041325	33.35406172	42.42441507	0.14242027	0.768287835	0.826072468	0.102594071	0	0	0.085397185	0	0	5.639314214	0	0.721574717	0	0	1.196416435	2.050430551	7.284827509	39.06904089	43.14352813	0	0	0.700015799	0.109454565	0	0.314117047	1.468681682	0.137373965	0	0.664184968	1.274065288	0.01760876	5.178245393	0	38.08722557	5.97526797	0	0	37.3383673	0	4.565831599	0	3.256061684	0	0.157800698	0	0.180090554	0.554728985	0	0.830348542
UM026	0	0.194936406	0	0.657044898	8.835466629	0.038705482	0.570692671	0	0	0.382962693	5.136831764	9.647892338	51.21560665	15.8581461	4.798183591	0.924027616	1.17946539	0.560037765	0	0	0.224962575	0.001725949	0.679620807	7.262817775	0.193792444	0.960479648	0	0	0.356798028	6.448725372	5.745501804	52.26242661	16.63974076	3.899237451	1.315396356	2.371192925	1.459420667	0.178160824	1.064095871	2.284862102	0.110163798	0.047114683	1.54564537	1.841059306	0	5.310136348	0	10.94163592	6.028888995	0.000412382	0	62.06678397	0.000199644	3.452827593	0	3.674969143	0	0.142921317	0.001721017	0.600396338	0.124236499	0	0.761929704
UM201	0	0	0	0	0.200232696	0.713997372	0.157176658	0	0	0.831935108	0.854654746	0.25024156	2.408845669	94.00462986	0.047599165	0	0.530687163	0	0	0	0	0	0	0.320375285	0.177632431	0.17570791	0	0	1.854865247	0.715904085	0.380353069	2.166290263	94.03212902	0	0	0.176742686	0	0	0.813601011	2.039175756	0.047287154	0	2.477185043	2.043837261	0	4.600395509	0	13.91863875	7.79953599	0	0	43.83758809	0	9.148444605	0	2.740568837	0	0.129386331	0	5.090490953	0.791166126	0	4.522698588
UM053	0.748598277	0.31231784	0	0.829165127	4.683662815	0.005260181	0.250316418	0.509372148	0.151417631	1.289609131	7.902832958	8.920298554	48.92432994	17.19700441	4.527690184	0.362387994	3.087196098	0.298540294	0	0.984896914	0.293774556	0	0.947986482	3.884367055	0.117027496	0.301932468	0.716940549	0.151880512	1.243205982	11.09690092	3.019025246	47.91264138	18.77734138	4.231256169	0.709003586	3.408671215	2.02467398	0.178474108	0.627481582	4.252641663	0.077815902	0	3.167658944	2.045214101	0.037146839	4.334065735	0	6.885177166	6.320752409	0.001104451	0.002844472	60.37864486	0.014267313	5.031246453	0	3.858687224	0.012736087	0.136202534	0.039548062	0.564007911	0.646566008	0.030131989	1.536058293
UM316	0	0.826783885	0	0	7.130379244	0	0.926324397	0	0	1.006852002	0.860995	10.92271044	12.87092556	54.07741013	0	2.559180219	1.345986955	7.472452156	0	0	0.829158831	0	0.455514078	7.847700464	0	0.717705771	0	0	0.354992665	2.909602494	1.372225465	24.19558204	57.86994151	0	1.29884958	0.812594143	1.336132955	0	2.370272633	4.926438946	0.313095916	0	3.239429926	1.580831143	0	22.37871692	0	6.873342726	8.090816285	0	0	37.92006832	0	4.863055918	0	6.639721856	0	0.028983923	0	0	0.288998746	0	0.486226745
UM101	0.45688655	0.531530027	0	0	8.586580385	0.099539542	0.109933107	0	0	0.459687282	3.755210507	8.030849837	36.86938327	38.08888032	1.32997718	0	1.239874019	0.441667977	0	0.601148774	0.479379122	0	0	6.01029484	0.098804503	0.731568471	0	0	0.362276894	4.858024629	5.709416383	34.40912385	42.10434337	1.542841312	0	1.227208127	1.752464105	0.113105625	0.350486926	3.046658361	0.090083093	0	1.389893302	2.586463673	0	5.019671703	0	3.752928098	6.210222152	0	0	57.06670887	0	8.759248319	0	4.081403525	0	0.046100089	0	3.174600449	1.026529106	0	3.399002336
UM123	0	0	0	0	0	0	0	0	0	0.128484324	0	0	1.035226364	98.64317542	0	0	0.193113887	0	0	0	0	0	0	0	0	0	0	0	3.347251993	0	0	0.47031136	95.99688278	0	0	0.185553865	0	0	11.48501472	2.945043628	0	0	5.040268965	23.59720169	0.594573108	8.872721464	0	1.893646571	3.306404941	0	0	22.95717269	0	2.256227416	0	8.409159348	0	0.940959528	1.353931507	0	0	0	6.347674417
UM124	0	0.256775237	0	0	5.125603263	0	0.335885426	0	0	0.580125953	1.968425641	4.143121925	19.22586223	67.62114045	0.178336958	0.195801773	0.359948977	0.008972174	0	0.001173405	0.229476176	0	0	3.82088639	0	0.470294854	0	0	0.177468958	2.512696967	3.057794742	18.47504211	68.44169952	0.173804598	0.454040655	1.233384574	0.952237046	0	0.450004331	2.145427578	0.153800486	0.112186984	1.65621864	3.634920957	0.047810926	3.011104461	0	9.833483798	8.434570596	0.004457133	0	52.38362845	0.009194711	3.716440545	0	4.633924459	0	0.238444305	0.013240006	2.780734829	0.10553518	0	6.634871625
UM137	0	0.069885028	0	0	8.778021298	0.469815195	0.234033155	0	0.018646091	0.525703113	1.85269162	4.681868268	34.13548137	45.89022337	1.583177585	0.58026028	1.180193629	0	0	0	0.082084478	0	0.002424257	7.614155654	0.21118596	0.189889428	0.061816988	0.019089632	0.260839962	6.782457419	2.320751323	32.42345918	46.68722672	0.890313991	0.207398834	1.672886457	0.238879286	0.335140434	0.410224781	3.094434032	0.086369513	0.004890201	2.0958671	2.289880422	0.060506003	4.172692301	0	16.53926841	7.497980653	0	0.26612729	54.74603006	0	1.652508078	0	4.137414418	0	0.19179836	0	0.802771476	0.23634591	0	1.714890997
UM148	0	0.012352294	0	0.234427702	11.00111905	0.654838369	0.029998621	0	0	0.556442866	2.3867921	12.43035119	34.41562302	32.7235819	3.113883096	0	2.440589792	0	0	0	0.035257598	0	0	11.28868628	0.367378987	0.096808708	0	0	0.381457082	6.340576324	8.196812159	38.44836403	32.29192874	0	0.107254724	0.41795205	1.778679871	0.248843445	0.915278675	3.374869143	0.500093084	0	2.407627167	2.151753308	0.012042751	3.892732402	0	17.26860005	6.621453949	0	0	46.92795762	0	6.459218792	0	5.148338584	0	0.343455465	0	2.67630754	0.394409922	0.004815733	0.901045818
UM175	0.015480561	0.362813516	0	0	6.062056496	1.480286776	0.108539337	0	0	1.058751958	3.431390829	7.312760084	23.25940188	54.79999928	0.463353913	0.221938892	1.42322648	0	0	0.013433002	0.298985376	0.019680576	0	7.256937229	0.056182242	0.178126553	0	0	0.441402745	4.26243747	3.626975738	26.30930717	55.60436892	0.253985752	0.141613061	1.425103542	0.111460621	0	0.3894687	3.430041519	0.079852151	0.022785239	1.640420258	1.185012855	0.041713088	4.709540787	0	22.147105	7.344995903	0.007123324	0	48.49476815	0	4.682169135	0	3.838343411	0	0.070389971	0	0.1971117	0.404522059	0	1.314636748
UM211	0	0	0	0	0	3.539523771	0.24675165	0	0	0.324051054	0	0.059599391	1.085725796	94.53870139	0	0	0.205646951	0	0	0	0.113527015	0	0	0	2.478682172	0.046892357	0	0	2.411130625	0.142632162	0	0.626998097	94.09114871	0.088988858	0	0	0	0	0.53718775	2.310116521	0.097141321	0	1.699839128	1.438730131	0	6.82505188	0	45.92512507	4.373770661	0	0	22.77482345	0	6.563058342	0	4.518438039	0	0.169425308	0	0.182158123	1.359430304	0	1.225703974
UM263	0	0	0	0	0.298224088	0	0	0	0	6.256031507	8.302891831	6.097888332	37.03299234	36.6659361	1.356616214	1.455073605	2.534345994	0	0	0	0	0	0	0.055247937	0	0	0	0	8.012340128	11.17339889	3.438716425	37.64389323	34.43114441	1.46939495	0.113413488	0.908332486	2.75411806	0	0.152707191	5.931128438	0.094529851	0	0.972950669	0.278768945	0	1.078185835	0	19.16103164	5.931195019	0	0	57.07979283	0	2.774589045	0	5.082916914	0	0.009493141	0	0	0.273315744	0	1.179394732
UM002	1.059781738	5.866396255	0	0.893956023	11.60654775	0	0.295594927	0	0	5.797680823	2.693111541	19.35913639	45.23459833	6.158389602	1.034806618	0	0	0	0	0.497825883	7.010018162	0	0	9.192461278	0	0.440550665	0.562647598	0	1.508709968	2.002316498	23.87241741	42.64145156	5.598240792	0.438138621	2.244684118	3.259704793	0	0.730832656	0.073393308	1.357597559	0.1050343	0	2.23443559	1.401957385	0.641646271	1.063588718	0	1.143833678	7.733066455	0	0	45.15139063	0	13.5073255	0	8.668133731	0.887024859	0.087208418	0	0	0.695252618	0	15.24911097
LTH05	0	0	0	0	0	0	0	0	0	0.126387374	11.31833836	1.427096798	33.73131707	50.26123824	0	0	3.135622159	0	0	0	0	0	0	5.109547138	0	0	0	0	0.085510346	14.57371454	0.337722775	26.06290783	50.22148722	0	0	3.609110154	0	0	0	0.67244927	0	0	0	0	0	0	0	0.746720505	10.84094162	0	0	82.95407586	0	1.550145117	0	1.860970685	0	0	0	0	0.135891531	0	1.238805412
UM234	0	0	0	0	0	0	0	0	0	1.088910109	0	0	0	98.91108989	0	0	0	0	0	0	0	0	0	0	0	0	0	0	0	0	0	0	100	0	0	0	0	0	0.276488423	0.554405634	0.057229527	0	0.236018099	2.382669211	0	5.4024928	0	22.27268654	19.10911085	0	0	18.00706395	0	19.7312426	0	10.67679693	0	0.663963404	0	0	0.232390365	0	0.397441661
UM219	0	0.065966899	0	0	0	0	0	0	0	0.15480393	0	0.177099957	8.706353364	90.89577585	0	0	0	0	0	0	0.059555325	0	0	1.898688327	0	0	0	0	0.625169719	0	0.10631668	6.730415879	90.57985407	0	0	0	0	0	0.929183908	2.23328456	0.12096908	0	5.953069254	2.851356363	0	10.95177071	0	29.38025634	9.598392746	0	0	21.37073954	0	7.281413611	0	5.027873474	0	0.605575919	0	0.997169119	0.123083584	0	2.575861795
UM315	0	0	0	0	4.924920038	0	0	0	0	16.64016643	1.359102951	5.96271013	20.11645875	19.30527343	0	0	0.122174305	31.56919396	0	0	0	0	0	0.302985035	0	0	0	0	15.60523461	29.84244397	2.049385086	37.19492882	14.07648244	0	0	0.928540033	0	0	1.098277448	3.040972131	0.291593923	0	3.888773911	5.814041821	0	22.62371374	0	19.97432749	7.438041594	0	0	26.02708152	0	0.824173721	0	8.330010875	0	0.20539085	0	0	0	0	0.443600978
UM317	0	0.052161294	0	5.9357E-05	9.706168823	0	0	0.622810216	0	2.507334059	5.522609985	7.877167059	33.1858386	33.01143468	2.470362544	0.766990233	0.533523349	3.743539804	0	0.503810739	1.355365865	0.547494342	0.758295117	9.851204017	0	0.040722198	0.164376743	0	0.126408064	8.682794085	2.156997404	37.93569811	33.21466266	0.110222208	0.625440695	2.10969997	1.816807782	0	0.739941093	2.390362849	0.15760581	0	2.977339573	3.358051271	0.099818968	13.594755	0	22.13849585	6.73494495	0	0	34.61010771	0.120485296	6.13480064	0	5.091177055	0	0.136683955	0	0.206931651	0.091472863	0	1.41702547
UM296	0.128234429	0.309456588	0	0	0	0	0.232018101	0	0	0	0.406815304	1.187054869	4.282969138	93.45345157	0	0	0	0	0	0.126931658	0.009833669	0	0	0	1.921490411	0	0	0	0	1.518263546	2.296797621	2.543681032	91.58300206	0	0	0	0	0	0.646373112	1.595204351	0.064220853	0	5.622107066	4.882249427	0	7.883473644	0	17.0601216	5.792775928	0.02930103	0	37.57152442	3.31143E-05	5.513622187	0	6.5994671	0.056711561	0.155540294	0	1.720168991	0.601626259	0	4.205479063
UM043	16.77738424	0.746908826	0	0	1.446060891	0	0.398084091	0.418529001	0	34.62975156	1.760287498	12.40346149	13.64549671	17.03621207	0	0	0.737823625	0	0	45.43908865	0.844334546	0	0	6.983161175	0	0	0.459101529	0	14.73206006	0.496910523	8.291690817	10.20648542	9.174481299	0	0	3.372685983	0	0	5.173505322	3.35925251	0.446088296	0	9.495317978	7.357003729	0	29.89540074	0	3.477910652	6.317434615	0	0	12.20632117	0	3.45270636	0	13.09849987	0.236459434	0.644059825	0	2.823580329	0.047427935	0.029953479	1.939077761
UM331	0	0.658772378	0	0	0.34821453	0	0.051347878	0	0	1.073443602	2.167330184	6.632204301	20.27656523	61.8134832	0.812523619	0.316871952	1.367035126	4.482208	0	0	0.821444868	0	0	1.994825314	0	1.208743686	0.014709912	0	7.426985441	3.387650666	0.278395831	14.77621566	68.19474663	0	0	1.814090358	0.082191636	0	1.101139254	3.335720669	0.324503387	0	5.400783373	2.209247763	0	16.28456168	0	13.75946722	10.5909366	0.023662392	0	29.17960075	0	6.00683565	0	8.807473207	0	0.59049346	0	1.515159622	0.09494684	0	0.775468128
UM340	0	0	0	1.671132821	8.071569819	0	0	0	0	1.207966749	12.95525575	5.683696916	37.40030164	26.29260807	1.839179072	0.819117801	0.295315842	3.76385552	0	0	0.105425588	0	0.000925387	23.60088049	0	0	0	0	0	7.364003734	0.721281962	33.81675397	25.35181777	2.174676814	0	0.079627223	6.784607063	0	1.875194523	3.477645954	0.020859578	0	12.20480912	14.36143027	0	12.1581777	0	2.193926981	7.178031675	0	0	32.72143397	0	1.575750087	0	6.365020894	1.015399772	0.21117934	0	0.136909844	0.850518079	2.110474745	1.543237469
UM355	0	0	0	0	1.939459536	0	0	0	0	4.953765614	0	2.396161201	32.86293461	29.16507986	1.745773824	3.236646699	5.532187823	18.16799083	0	0	0.304514659	0	0	0	0	0	0	0	5.071420697	14.31691517	0	45.4776132	26.70887666	0	0.581041838	1.446369671	6.093248112	0	0.441012004	1.039445346	0	0.714977215	4.954712414	6.184900031	0	5.709307912	0	10.06567793	5.316174117	0	0	35.71593041	0	5.238547422	0	2.040825762	0.667678373	0.06836671	0	0.515807303	0.242221941	0	21.08441511
UM097	0.140246427	0.162778956	0	0.143609104	14.76345031	0	0.403717359	0	0	0.363743746	5.868485378	5.412512188	53.87606211	16.11815725	1.723486112	0.087712339	0.630756016	0.305282712	0	0.229428328	0.216892366	0	0.086272053	15.99088182	0	0.13349566	0	0	0.445970421	6.855572256	3.974903121	46.90790789	18.8065208	3.46915598	0.5217762	1.782689787	0.57853332	0	0.496616918	4.269369592	0.116323258	0	1.362542218	1.923014201	0.065913238	8.072646998	0	17.62192008	5.436575931	0	0	50.67953581	0	3.710677602	0	4.534213466	0.017695584	0.055129072	0	0.009148005	0.142513314	0	1.48616471
UM003	3.424846244	1.551650337	0	1.862816836	2.94466753	0	0.02535171	0.396285532	0	7.456147933	1.96391076	4.666178317	15.22879064	58.99529695	0	0	1.483721572	0.000335635	0	3.406157924	3.137759456	0	0.492791691	0	4.169874159	0	0.211581708	0	5.567031652	4.014334652	1.648131	16.0031679	57.3728106	0	0	1.354981298	2.621377961	0	0.723295803	0.738753986	0.144469171	0.037183596	5.72666602	8.818670624	0.15897237	4.073134277	0	3.060457808	6.085371044	0.000307274	0	24.99601401	0.022352128	4.736602154	0	5.453236101	0.602843784	0.88736075	0	1.942383528	0.853187505	0.315603948	30.62313412
