FWK_CODE_K	%ivk07_Mais	%ivk07_Teichflaechen	%ivk07_Klee	%ivk07_sonstige_Handelsgewaechse	%ivk07_Huelsenfruechte	%ivk07_sonstige_Flaechen	%ivk07_Hackfruechte	%ivk07_Pflanzenzucht	%ivk07_Gruenland	%ivk07_Oelsaaten	%ivk07_Getreide	%ivk07_Obst_und_Gemuese	%ivk07_Flaechenstilllegung	%ivk07_Nutzpflanzen	%ivk07_mehrjaehrige_Obst_und_Nutzpflanzen	%ivk07_Ackerfutter	%ivk07_mehrjaehrige_Graeser	%ivk07_unbekannt	%ivk07_Wein	%ivk13_Wein	%ivk13_Ackerfutter	%ivk13_Flaechenstilllegung	%ivk13_Getreide	%ivk13_Gruenland	%ivk13_Hackfruechte	%ivk13_Huelsenfruechte	%ivk13_Klee	%ivk13_Mais	%ivk13_mehrjaehrige_Graeser	%ivk13_mehrjaehrige_Obst_und_Nutzpflanzen	%ivk13_Nutzpflanzen	%ivk13_Obst_und_Gemuese	%ivk13_Oelsaaten	%ivk13_Pflanzenzucht	%ivk13_sonstige_Flaechen	%ivk13_sonstige_Handelsgewaechse	%ivk13_Teichflaechen	%ivk13_unbekannt	%Wohnbauflaeche	%TagebauGrubeSteinbruch	%SportFreizeitUndErholungsflaeche	%IndustrieUndGewerbeflaeche	%Halde	%Friedhof	%FlaecheGemischterNutzung	%FlaecheBesondererFunktionalerPraegung	%Bergbaubetrieb	%Wald	%UnlandVegetationsloseFlaeche	%Sumpf	%Moor	%Landwirtschaft	%Heide	%Gehoelz	%Weg	%Straﬂenverkehr	%Schiffsverkehr	%Platz	%Flugverkehr	%Bahnverkehr	% stehende_Gewaesser	%Hafenbecken	% Flieﬂgewaesser
AP144	4.962681769	0	3.138649019	0	0.314874718	0.608872538	0.015054317	0	29.74127772	10.08668498	33.94850105	0	7.410269297	0	0	8.738687024	0.46273868	0.571708889	0	0	11.26991757	3.601411414	36.0607453	31.4288221	0	0	3.510268467	7.922883786	0.388328705	0.034325044	0	0	5.567708277	0	0.002243788	0	0	0.213345556	4.578716743	0	1.906691579	2.497425842	0	0.014150322	1.98123483	0.503809469	0	10.63892291	8.867936695	0	0	27.20347068	0.131354365	7.530067948	3.686132721	6.537289727	0.338796328	0.534666794	0	0	1.055792182	0	21.99354087
AP146	0.035278775	0	0.452389808	0	0.105121756	0.002923928	0	0	78.97795691	0.739159999	11.2829138	0	0.965150461	0.0205073	0.005481609	3.532377216	0	3.880738442	0	0	3.724656903	0.299272975	11.47355553	82.84944598	0	0.148053173	0.362384626	0.438494969	0.036028325	0.005423812	0	0.001734585	0.196537152	0.04434852	0.076606217	0	0	0.343457225	1.479329671	0	1.402893806	0.757736869	0	0.04700789	2.814552074	0.455919542	0	3.790629495	9.96860725	0.012303371	0	66.76930747	0	2.422182539	1.355893267	2.260015314	0	0.432737716	0.056448262	0.307026341	1.601095056	0	4.066314071
AP166	0.497330232	2.151445292	1.326400771	0	0.019580987	0.123581756	0.135717118	0	58.17927854	1.889014904	25.46884004	0	1.987300285	0	0	7.262365295	0	0.959144781	0	0	9.62174406	0.409005376	23.6994093	59.80659006	0.123375567	0.168473624	1.488413842	1.420068259	0	0	0	0	0.215808603	0.051906209	0.157997921	0	2.050278022	0.786929156	3.404072699	0	0.513659117	0.894622223	0	0.112172128	5.184074894	0.283714923	0	15.33464837	11.75537973	0.134190741	0	52.81872531	0	1.762114228	1.251675493	2.854835058	0	0.073468684	0	0	1.900368782	0	1.722277623
AP218	0	0.139198523	4.38578517	0	0	0.108132177	0.021256136	0	81.12677391	0.759695888	4.107436642	0	4.180314304	0	0	3.545769158	0	1.625638091	0	0	3.223596375	2.082656214	4.187476653	82.01853137	0.021541292	0	6.671403395	0.521056134	0	0	0	0	0	0	0.846078229	0	0.141065903	0.286594438	1.404494196	0.030131586	0.925160401	0.718541354	0	0.007369736	2.826775474	0.283037598	0	29.03367154	13.31710599	0	0	39.20428806	0	4.403890009	1.704157077	3.248269469	0	0.048723081	0	0.092266066	0.681780603	0	2.070337761
AP219	1.678486815	0.609701437	6.839699534	0.016352129	0.267338231	0.034102908	0.24137215	0	42.84606217	2.05570329	31.4503387	0	4.236422518	0	0	7.849092491	0	1.875327631	0	0	12.84209374	2.240695482	32.19433094	40.81018278	0.101081304	0.44198962	7.160342138	2.05717318	0	0	0	0	0.722370404	0	0.472092247	0.017214854	0.511249436	0.42918388	2.951322857	0	1.235259632	3.075243529	0	0.024521026	3.12069476	0.394514857	0	12.30453792	10.38063982	0	0	52.60908064	0	3.143932017	2.583179461	3.114388701	0.165854524	0.20586918	0	0	1.244169147	0.001802753	3.444989176
NR002	0	0	0	0	0	0	0	0	96.03074163	0	0	0	0	0	0	3.969258374	0	0	0	0	0	0.065111143	0	95.73021048	0	0	4.204678381	0	0	0	0	0	0	0	0	0	0	0	0.432591318	0	13.39847353	0	0	0	3.17986172	0.029700806	0	0	22.52822247	0	0	19.32111914	0	0.082549666	4.984533757	1.243607541	0	0	0	0	5.927866411	0	28.87147365
AP221	0.369885012	0.780225839	5.179578206	0	0.499445199	0	0.013718639	0	49.4664423	6.298511352	27.09888538	0.005486655	2.667904575	0	0	6.66611858	0	0.953798269	0	0	7.993796775	0.613966677	30.1486049	49.8179286	0	4.65934E-05	5.628319088	1.636526873	0	0	0	0	3.193136506	0	0.080327778	0	0.797324313	0.090021899	1.869475412	0	1.597655159	2.231468628	0	0.00723491	1.540341488	0.198897129	0	7.015981281	16.47602401	0	0	38.01077576	0	5.802437182	3.823035173	3.318685626	0.713798839	0.273166868	0	0	1.100565593	0.064386301	15.95607065
AP204	1.281977422	0	1.379073938	0.238093535	0.521527661	0	0	0	59.10673451	1.153366195	30.27261004	0	5.166766684	0	0	0.209458382	0	0.670391635	0	0	0.945429487	0.704578082	30.57706956	59.72232435	0.240921772	0	1.420333892	0.500052843	0	0	0	0	5.586234227	0	0	0	0	0.303055789	1.899225728	0	2.664070899	2.78460146	0	0.079520152	2.541691963	0.725798847	0	9.777388113	10.57110215	0	0	45.97027391	0	5.346710197	2.409034499	10.73966772	0	0.345197195	0	0.243419131	0.063190855	0	3.839107179
AP203	1.521536779	2.466033244	5.340688844	0	0	0	0.414364322	0	33.42509458	0.632389625	27.73483776	0	6.484699471	0	0.038675414	16.78607081	0	5.155609153	0	0	18.67563523	3.288067562	31.30766148	32.66099157	0.046647543	0	9.763301941	0.564207164	0	0.039709828	0	0	0	0	0	0	2.532004304	1.121773381	3.278280315	0	0.990630893	1.577846515	0	0.19036971	2.05845362	0.039491842	0	21.48198093	13.60340754	0	0.334366646	44.72110685	0	3.434412279	2.17201357	2.553528172	0	0.005269345	0	0.272044331	2.794445625	0	0.492351817
AP201	0.166813622	0.191873734	3.79272018	0	0.115064756	0.061010969	0.034190298	0	56.05957855	3.196620385	23.06532602	0.009789014	6.503621446	0	0.005527745	5.877824776	0	0.920038512	0	0	5.974692784	4.127450951	25.12458008	55.00631889	0.060201868	0.217846205	5.648792274	1.254062062	0	0.034987426	0	0	1.847401479	0	0.443109598	0	0	0.260556384	3.247036648	0	0.757419499	0.950644308	0	0.042386585	3.312319846	0.351814628	0	22.61411237	7.908645942	0	0.776389194	47.70991217	0.112691416	3.141370018	2.771033254	4.105705213	0	0.116427513	0	0.062688536	0.390829082	0	1.628573782
AP227	0	3.221203356	11.70590571	0	3.707081526	0	1.02786548	0	26.01566792	3.087757558	42.68745718	0	1.836525159	0	0.651929588	5.862631739	0	0.19597478	0	0	6.640456682	0	27.50564525	23.71329322	0	5.585668641	16.31172154	0	0	0.644334415	0	0	16.41512304	0	0	0	3.183757215	0	2.6541914	0.164108504	0.246392267	0.001060616	0	0.033405462	2.873151785	0.026962437	0	28.11875798	6.369907878	0	0	46.29402743	0	5.817831967	2.321511818	2.42953299	0	0	0	0	0.932419958	0	1.716737509
NR008	1.553416258	0	7.431891482	0	0.117726111	0.568964256	2.720141719	0	51.35926348	1.711625834	20.34305379	0.06934084	7.162286113	0	0	5.661272687	0	1.301017434	0	0	5.085198114	3.589489888	23.63214049	55.06023215	2.548629562	0.713340076	3.883635837	2.301844922	0	0	0	0.071331021	1.537340325	0	0.900910187	0	0	0.675907423	5.477267448	0	1.109337844	1.130415859	0	0.116957761	2.682725319	0.558794825	0	26.22809078	8.719073275	0.001142165	0	39.88730512	0.087445597	3.361391793	1.916636519	4.290265159	0	0.170171665	0	0.192856996	0.070892711	0	3.999229158
NR009	0	0	12.06237104	0	0.435113124	0.033965536	0	0	42.19856107	3.154613916	28.95762743	0	6.740324135	0	0	4.846140923	0	1.571282829	0	0	11.85675927	3.613502487	25.8351556	44.73690294	0	0.383270518	10.30716538	0.405808846	0	0	0	0	2.046760415	0.088117972	0.05598994	0	0	0.670566638	4.646563856	0	1.958400458	1.371181111	0	0.169601139	7.590980547	0.436638203	0	10.45409984	14.57668856	0	0	44.92092582	0	2.61683741	1.779309648	8.184499094	0	0.120136401	0	0	0.273052096	0	0.901085809
NR010	0	0.57347027	9.125057381	0	0.216039132	0.613150831	0.048847397	0	43.79794943	1.722148594	25.50366229	0	12.04586693	0	0	5.025862388	0	1.32794536	0	0	10.41178035	8.583552883	21.86713691	44.25421948	0	0	10.30663349	0.085556679	0	0	0	0	2.423029451	0	0.837462631	0	0	1.230628134	2.065786233	0.143024519	0.15770409	0.891570259	0	0.050209795	3.749112209	0.064672301	0	19.25879711	20.00318977	0	0	41.47149072	0.115538381	2.815221452	1.448303441	5.392045658	0	0	0	0	0.472079626	0	1.901254437
AP148	2.653960872	0	1.97511749	0.01123455	1.691228864	0.092198229	0.48285349	0.002293596	45.67262814	2.032065915	32.60560632	0	4.677831955	0	0	7.306799344	0	0.796181236	0	0	11.99008468	1.354777482	30.81673717	44.93889139	0.002197721	0.086248104	1.826411212	5.792334065	0.669565944	0	0	0.006104799	1.953836023	0.00229385	0.358109224	0.011235777	0	0.19117256	4.074486859	0.009517358	2.532391372	2.317886365	0.03675533	0.077078097	1.871099889	1.185671731	0	13.57329359	9.044306866	0	0	46.01145822	0.250410495	2.921874951	2.183961742	4.450520411	0.004740643	0.390653042	0	1.318213214	0.290380364	0	7.455299467
AP150	0.352139097	0.53466611	1.504485375	0.016224002	0.254624009	0.031130439	0.094790044	0	57.40056482	1.413563208	26.00470211	0.038722395	2.022251861	0	0.187491333	8.731605241	0.003158225	1.409881735	0	0	10.8871543	0.955629577	24.15962748	58.23136176	0.03251022	0.297987096	1.474994114	1.275364762	0.062147912	0.004754789	0	0.015990624	1.354048897	0.019879379	0.188831415	0.091123042	0.02204997	0.926544667	1.507106245	0.040364436	0.583784707	0.816341446	0	0.023617454	3.130070894	0.128361714	0	11.78023523	7.221194731	0.076960805	0.005103743	64.53427814	0	2.345963489	1.643928892	2.720138872	0.000246918	0.048861536	0	0.320673257	1.890869642	0	1.181897845
AP187	0.127557311	0	1.022671752	0	0.031700586	0.10995319	0.141030075	0	52.36383614	2.101275923	29.99064078	0	3.723614476	0	0	9.17594395	0	1.211775819	0	0	18.09555731	2.350055112	24.92928552	50.69777563	0.152242516	0.256521012	1.229769608	1.064520649	0.274616425	0	0	0	0.757027901	0	0.035365496	0.005439499	0	0.15182331	3.043469294	0.31771295	0.705333972	1.224811954	0	0.050304117	3.981222516	0.410384373	0	21.01679547	7.944487334	0	0.371640791	49.49943501	0.151244943	2.532105076	2.34164755	3.892697649	0	0.078712377	0	1.324971346	0.306824062	0.019286015	0.786913206
AP188	0	0	0.957671063	0	0	0	0	0	98.82237456	0	0	0	0	0	0	0	0	0.219954381	0	0	0	0	0	99.05565125	0	0	0.944348748	0	0	0	0	0	0	0	0	0	0	0	14.17628883	0.005034726	3.184864174	1.756822543	1.236074151	0.307053015	3.742583442	0.504103844	0	20.03267026	8.837866038	0	0	29.78485383	4.628082596	1.559410862	0.996301581	6.50165972	0	0.121947206	0	0	0.01604855	0	2.608334641
AP199	0	0	15.45634257	0	0	12.44367629	0	0	49.9955259	0	13.23322923	0	8.871226011	0	0	0	0	0	0	0	0	0	12.39197461	75.05708719	0	0	0	0	0	0	0	0	0	0	12.55093821	0	0	0	2.448239051	0	0.163434671	1.030906091	0	0.084419926	1.41622245	0.106322692	0	48.05193442	18.0698626	0	0	12.13680794	0	7.659425957	1.330389238	3.950792165	0	0.105858809	0	0	1.131858077	0	2.313525903
AP200	0.292992023	0.404878367	2.827567877	7.31288E-06	1.058290254	0.305569262	0.165506957	0	51.78298394	1.519573051	28.07557854	0.09140905	4.298862286	0	0.017737205	7.166182495	0	1.992861372	0	0	9.632447397	1.477266582	26.53979516	53.15750498	0.014900743	0.710208981	3.055029819	1.057967774	0.093850709	0.023208804	0	0.080052767	2.58424801	0	0.884203597	7.43656E-06	0.410613717	0.278693523	2.778809984	0.017930474	0.81552111	1.759184066	0	0.082993301	3.598658518	0.307949764	0	10.33192444	9.259805185	0.07519296	0	57.35901679	0.034076044	3.327769921	2.002721378	5.204958464	0	0.116349125	0	0.557339933	0.723379755	0	1.646418783
AP223	0	0	11.69627645	0	0	0	0	0	75.05015945	0	7.161419247	0	3.423469727	0	0	2.668675127	0	0	0	0	2.984525988	2.293360457	8.918566624	77.93806281	0	0	3.359741224	0	0	0	0	0	0.964462565	0	3.307012997	0	0	0.234267331	5.41101038	0	0.289648668	1.573252462	0	2.03066E-05	2.659078185	1.122969272	0	33.0322734	4.981184573	0	0	40.24027423	0	0.795194607	2.480490143	3.08442567	0.015501338	0.203256336	0	0	0.344611558	0	3.766808866
AP224	0.993569205	0	5.00605624	0	0	0.174239492	0.066719408	0	67.78835455	0.546790036	15.97046861	0	4.441495118	0	0	2.668885637	0	2.343421702	0	0	3.418737632	0.906034813	13.67846312	67.72715194	0	0	7.745727553	0	0	0	0	0	4.646243201	0	0.282497738	0	0	1.595144007	2.782803599	0	0.852017802	0.623856628	0	0.068389951	3.647570446	0.238046744	0	37.65046513	13.08879153	0	0	31.97338619	0.026479765	0.471827299	2.262352943	4.323498933	0	0.055710428	0	0	0.178833791	0	1.755968818
AP242	0.447952218	0	0.013258722	0	0.302690336	0.501252716	0.035437172	0	47.09913143	9.125626209	23.53735657	0	13.08492533	0.74629311	0	4.395844987	0	0.710231189	0	0	4.14231677	7.469044674	27.35345421	48.75994952	0	0	3.634493554	1.629020677	0.240889783	0	0.749786443	0	5.985441321	0	0.035603051	0	0	0	7.655913329	0	0.632595272	1.249924443	0	0.124555389	3.688207862	0.756785626	0	29.3898431	9.396320226	0	0.013846096	30.92554666	0.794827059	3.748750379	1.95723716	6.104443136	0	0.414064637	0	0	0.292183905	0	2.854955725
